1ama	O	O=0.9602838390726498	ORGANIZATION=0.0018755278784026578	PERSON=0.03398016974022519	LOCATION=0.003860463308724032

Aamir	O	O=0.02791434637425959	ORGANIZATION=0.001816142315864191	PERSON=0.9559398632673934	LOCATION=0.014329648042483349
Sohail	O	O=0.023358832677281713	ORGANIZATION=0.0016169163597385982	PERSON=0.9602868935943234	LOCATION=0.014737357368657167

Aaron	O	O=0.007992362085607071	ORGANIZATION=4.708098691751954E-4	PERSON=0.9910609314620736	LOCATION=4.7589658314518233E-4
Slight	O	O=0.010544776725578877	ORGANIZATION=4.5433647268799097E-4	PERSON=0.9885515606094076	LOCATION=4.493261923272772E-4

Abdala	O	O=8.211369054150789E-4	ORGANIZATION=0.004211875698597126	PERSON=0.985404530283616	LOCATION=0.00956245711237022
Bucaram	O	O=0.001025562637450813	ORGANIZATION=0.004072016039444852	PERSON=0.9836405060181556	LOCATION=0.011261915304948437

Abdellaoui	O	O=0.03714840443174772	ORGANIZATION=0.0025927193426169013	PERSON=0.9242066206744101	LOCATION=0.03605225555122496

Abdul-Karim	O	O=0.00418011933477546	ORGANIZATION=0.0024420721261349007	PERSON=0.9896214517735682	LOCATION=0.00375635676552203
al-Kabariti	O	O=0.0319145791486817	ORGANIZATION=0.001383727262876374	PERSON=0.9621914225207798	LOCATION=0.0045102710676620545

Abdul	O	O=0.0015923915128534408	ORGANIZATION=5.589872741597322E-5	PERSON=0.9982189868648733	LOCATION=1.3272289485824137E-4
Rahman	O	O=0.0016003511279441744	ORGANIZATION=4.610888313149101E-5	PERSON=0.9978162874100973	LOCATION=5.372525788279289E-4

Abdul	O	O=8.180065184508632E-4	ORGANIZATION=1.926817491939816E-5	PERSON=0.9991432644570923	LOCATION=1.9460849536899822E-5
Rahman	O	O=4.7786096484810856E-4	ORGANIZATION=9.424042818215148E-6	PERSON=0.9995033987832844	LOCATION=9.31620904872604E-6
Haj	O	O=0.021340922495548257	ORGANIZATION=5.061128232062909E-5	PERSON=0.978231471503223	LOCATION=3.7699471890430475E-4
Yihye	O	O=0.016982513253620907	ORGANIZATION=5.462592059783191E-4	PERSON=0.9731190109484634	LOCATION=0.00935221659193569

Abdul	O	O=0.004893578246405982	ORGANIZATION=7.270365526144992E-5	PERSON=0.9948928052954894	LOCATION=1.4091280284173304E-4
Rashid	O	O=0.0020211713288399427	ORGANIZATION=1.9992041256268287E-5	PERSON=0.9979371724147394	LOCATION=2.166421516424747E-5
Dostum	O	O=0.004696116050101766	ORGANIZATION=5.057218358150565E-5	PERSON=0.9936511198422646	LOCATION=0.001602191924050534

Abdulsamad	O	O=0.06734858228942069	ORGANIZATION=7.349244325419542E-4	PERSON=0.9301383475418726	LOCATION=0.0017781457361642642
Hameed	O	O=0.004605295821427522	ORGANIZATION=5.746061843033115E-4	PERSON=0.9942721981894486	LOCATION=5.47899804817846E-4
Ali	O	O=0.005700888134296616	ORGANIZATION=3.325300498326054E-4	PERSON=0.9927383364427061	LOCATION=0.001228245373166647

Abdul	O	O=0.002041520317881894	ORGANIZATION=3.214906971131403E-5	PERSON=0.9978540105478652	LOCATION=7.232006454291624E-5
Samad	O	O=4.1913399734492244E-4	ORGANIZATION=1.3159348220718594E-5	PERSON=0.9994826119630269	LOCATION=8.509469140814597E-5
Ismail	O	O=0.012469334800635083	ORGANIZATION=7.627185540325616E-5	PERSON=0.9851786918663051	LOCATION=0.0022757014776603785

Abel	O	O=0.0044151122917263285	ORGANIZATION=1.2298390220824202E-4	PERSON=0.9948624058143368	LOCATION=5.99497991728965E-4
Anton	O	O=3.4004360728424963E-4	ORGANIZATION=5.124988568392726E-5	PERSON=0.9981495113029536	LOCATION=0.0014591952040786593

Abimael	O	O=7.738973477705108E-4	ORGANIZATION=5.285216002529138E-5	PERSON=0.9989447532378858	LOCATION=2.284972543207479E-4
Guzman	O	O=0.001425835425540913	ORGANIZATION=3.935754204029858E-5	PERSON=0.9972606316269793	LOCATION=0.0012741754054385174

Abolhassan	O	O=0.0012401138370664905	ORGANIZATION=0.001464042773803288	PERSON=0.9957776219818536	LOCATION=0.0015182214072756845
Banisadr	O	O=0.0012883292989911684	ORGANIZATION=0.001406151651885667	PERSON=0.995334320440604	LOCATION=0.0019711986085174356

Abraham	O	O=4.682371654501608E-5	ORGANIZATION=6.563070094534104E-5	PERSON=0.9996019708776521	LOCATION=2.855747048570391E-4
Lincoln	O	O=9.368974659031145E-5	ORGANIZATION=6.010410475221261E-5	PERSON=0.9993389285791757	LOCATION=5.072775694798087E-4

A.	O	O=0.1810131132386627	ORGANIZATION=4.810530443688608E-4	PERSON=0.8159391766575352	LOCATION=0.0025666570594333584
Brown	O	O=0.14939332007916473	ORGANIZATION=1.892721884051899E-4	PERSON=0.847444856923109	LOCATION=0.0029725508093215794

Abu	O	O=0.004615621811712228	ORGANIZATION=9.913880735019763E-5	PERSON=0.9758110288125754	LOCATION=0.019474210568361516
Mazen	O	O=0.008145579956905296	ORGANIZATION=1.0257122130288089E-4	PERSON=0.9625757607197043	LOCATION=0.029176088102086776

Abu	O	O=0.0041279261858047115	ORGANIZATION=1.0362137534345941E-4	PERSON=0.9790728802056048	LOCATION=0.016695572233247195
Rdainah	O	O=0.006960533175291857	ORGANIZATION=1.2180081268056169E-4	PERSON=0.9679236127711428	LOCATION=0.024994053240884898

Abyss	O	O=0.6941385963340844	ORGANIZATION=0.007912846285269257	PERSON=0.2974461937369016	LOCATION=5.023636437455875E-4
DeJesus	O	O=0.5712732668508705	ORGANIZATION=0.002837103258400426	PERSON=0.425288468374746	LOCATION=6.011615159823321E-4

A.	O	O=0.22411195272301176	ORGANIZATION=0.024595629098132354	PERSON=0.7354014129725833	LOCATION=0.015891005206271774
Campbell	O	O=0.17849340027600963	ORGANIZATION=0.04985128137770324	PERSON=0.744208788004815	LOCATION=0.027446530341471202

A.	O	O=0.7864755501973345	ORGANIZATION=0.001432191181019315	PERSON=0.207530685088931	LOCATION=0.004561573532714534
Cottey	O	O=0.7766654997888589	ORGANIZATION=0.0020556368756517044	PERSON=0.21074419130143363	LOCATION=0.01053467203405742

A.	O	O=0.0866132545813856	ORGANIZATION=8.710581352019985E-4	PERSON=0.9098595845794907	LOCATION=0.0026561027039213566
Cowan	O	O=0.06889141987553421	ORGANIZATION=0.0010033199915113606	PERSON=0.9258315310635624	LOCATION=0.0042737290693918495

Acre	O	O=0.9426279921826278	ORGANIZATION=0.00843171364432833	PERSON=0.032892038550609494	LOCATION=0.016048255622435146

Adam	O	O=0.0045282912700073084	ORGANIZATION=1.078496019042237E-4	PERSON=0.9953288981359198	LOCATION=3.496099216672703E-5
Fedoruk	O	O=0.00283020834078029	ORGANIZATION=1.1362017329932542E-4	PERSON=0.9969495566421943	LOCATION=1.0661484372933817E-4

Adam	O	O=0.002075519714561045	ORGANIZATION=5.3743908405555764E-5	PERSON=0.9978172081669741	LOCATION=5.3528210057472426E-5
Hollioake	O	O=4.3893999772480924E-4	ORGANIZATION=5.67500441346835E-5	PERSON=0.9993040434665874	LOCATION=2.0026649155258723E-4

Adams	O	O=0.06931316038834891	ORGANIZATION=0.004198236353748825	PERSON=0.9164862726926039	LOCATION=0.010002330565299583

Adelbert	O	O=0.0012561048924791005	ORGANIZATION=4.900926594573577E-4	PERSON=0.9972465023067991	LOCATION=0.0010073001412645739
Knobl	O	O=4.932056142381939E-4	ORGANIZATION=5.87320103680045E-4	PERSON=0.9975135367658813	LOCATION=0.0014059375161991348

Adel	O	O=0.010720847707273776	ORGANIZATION=0.0022827539829973114	PERSON=0.982150032580798	LOCATION=0.004846365728931072
Ibrahim	O	O=0.005928815671059393	ORGANIZATION=0.0018008449486819256	PERSON=0.9873473539104778	LOCATION=0.004922985469781977

Adelt	O	O=0.10877766365254893	ORGANIZATION=0.022040279195945242	PERSON=0.7643067034234816	LOCATION=0.10487535372802435

Adem	O	O=0.015336665381649071	ORGANIZATION=8.707931067631799E-4	PERSON=0.9801098109807003	LOCATION=0.00368273053088708
Hodzic	O	O=0.011464501946959863	ORGANIZATION=6.737457162574694E-4	PERSON=0.9835290790354528	LOCATION=0.004332673301329986

A.de	O	O=0.4261884160654245	ORGANIZATION=0.0024959289526277667	PERSON=0.5680718736089682	LOCATION=0.003243781372979795
Silva	O	O=0.06617420831119193	ORGANIZATION=0.0033755757090121884	PERSON=0.9063774515455707	LOCATION=0.02407276443422519

Adnan	O	O=0.0040368461073629494	ORGANIZATION=7.629003276838692E-5	PERSON=0.9944540694524108	LOCATION=0.0014327944074574571
Xhelili	O	O=0.0027022106916593917	ORGANIZATION=6.97865882988467E-5	PERSON=0.9927899326973969	LOCATION=0.004438070022644841

Adolf	O	O=0.0038829595042015183	ORGANIZATION=4.696313110930487E-4	PERSON=0.9952585817115994	LOCATION=3.888274731042885E-4
Hitler	O	O=0.0011789078298491376	ORGANIZATION=3.5505456137682577E-4	PERSON=0.9981148215040371	LOCATION=3.512161047344481E-4

Adolfo	O	O=0.21591688434002776	ORGANIZATION=0.0023590285634214198	PERSON=0.7477285968872451	LOCATION=0.03399549020930619

Adriana	O	O=9.753290795500376E-4	ORGANIZATION=1.121573637445497E-5	PERSON=0.9990010561048607	LOCATION=1.2399079213907604E-5
Serra-Zanetti	O	O=0.004142061133464963	ORGANIZATION=2.276163561687809E-5	PERSON=0.9957472187120558	LOCATION=8.795851886495827E-5

Adrian	O	O=0.0016411327986384178	ORGANIZATION=4.1173797147668635E-5	PERSON=0.9982999251003297	LOCATION=1.7768303883200084E-5
Knup	O	O=6.08000478315784E-4	ORGANIZATION=4.991845399381403E-5	PERSON=0.9993146066791843	LOCATION=2.747438850568036E-5

Adrian	O	O=0.004239791296528527	ORGANIZATION=6.557541414838645E-5	PERSON=0.9956342590528445	LOCATION=6.037423647901924E-5
Nastase	O	O=8.061110443427701E-4	ORGANIZATION=6.876935281543341E-5	PERSON=0.9988730396918203	LOCATION=2.520799110224666E-4

Adrian	O	O=0.0016646250148252524	ORGANIZATION=3.070973909200941E-5	PERSON=0.9980533149441434	LOCATION=2.5135030193808647E-4
Voinea	O	O=3.73839364777597E-4	ORGANIZATION=3.3909972953855744E-5	PERSON=0.9981863392021222	LOCATION=0.0014059114601475654

Adrian	O	O=6.975980167375911E-4	ORGANIZATION=0.0011076417287991518	PERSON=0.9981303701067401	LOCATION=6.439014772456415E-5
Warner	O	O=7.422118751299493E-4	ORGANIZATION=0.001550117212163105	PERSON=0.9974530542643038	LOCATION=2.546166484056087E-4

Affleck	O	O=0.31594542188621877	ORGANIZATION=0.001466917267264496	PERSON=0.5910823293239655	LOCATION=0.09150533152255148

A.	O	O=0.7330733466096392	ORGANIZATION=0.0014493358203700889	PERSON=0.252921954582512	LOCATION=0.012555362987479675
Flower	O	O=0.7200270912494031	ORGANIZATION=0.0017477973332524984	PERSON=0.2649525492510961	LOCATION=0.013272562166249344

A.	O	O=0.10401800301107844	ORGANIZATION=3.8014082362740353E-4	PERSON=0.894379749490309	LOCATION=0.0012221066749847887
Fraser	O	O=0.09150108172121933	ORGANIZATION=3.216989115108655E-4	PERSON=0.906374373409011	LOCATION=0.0018028459582581427

Agassi	O	O=0.021398700085809505	ORGANIZATION=8.020991312255131E-4	PERSON=0.9717925769879573	LOCATION=0.0060066237950068

A.	O	O=0.05661595844669948	ORGANIZATION=4.7417156933493993E-4	PERSON=0.9401497931535032	LOCATION=0.0027600768304619945
Giles	O	O=0.037989918318275154	ORGANIZATION=4.745732917976742E-4	PERSON=0.9573068192598513	LOCATION=0.004228689130074916

Agnes	O	O=0.001742104917157183	ORGANIZATION=2.2627737526514374E-4	PERSON=0.9978613024063409	LOCATION=1.703153012380223E-4
Goinxha	O	O=9.97986951887562E-4	ORGANIZATION=1.3945230871541438E-4	PERSON=0.9988112426252572	LOCATION=5.13181141425776E-5
Bejaxhiu	O	O=0.0016030282817787581	ORGANIZATION=1.2879740029825526E-4	PERSON=0.9967112458263426	LOCATION=0.0015569284915789218

Agnieszka	O	O=8.81354225202293E-4	ORGANIZATION=5.8716055279047966E-5	PERSON=0.9988663905186993	LOCATION=1.9353920082090825E-4
Godras	O	O=0.0026454927595883524	ORGANIZATION=3.673188715569446E-5	PERSON=0.9969591379945743	LOCATION=3.586373586842339E-4

Agnieszka	O	O=3.52454264445346E-4	ORGANIZATION=8.532155497106089E-5	PERSON=0.9984676685867471	LOCATION=0.001094555593835244
Kotlarska	O	O=5.708190596264756E-5	ORGANIZATION=7.346879403169103E-5	PERSON=0.9973843350936352	LOCATION=0.00248511420636851

Agota	O	O=9.714864749957971E-4	ORGANIZATION=2.4159151992659825E-5	PERSON=0.9988812915183005	LOCATION=1.2306285470943982E-4
Kuperman	O	O=1.5196621917571562E-4	ORGANIZATION=1.4146266523026144E-5	PERSON=0.9996714027944805	LOCATION=1.6248471981992154E-4

Agrins	O	O=0.6821267383433459	ORGANIZATION=0.016250787770152663	PERSON=0.29402254792082794	LOCATION=0.007599925965673339
Zarins	O	O=0.5522283360255644	ORGANIZATION=0.017167391596850386	PERSON=0.41310508249370725	LOCATION=0.01749918988387961

Aguirre	O	O=0.3170915320663186	ORGANIZATION=0.003921355538112578	PERSON=0.6565336742997943	LOCATION=0.022453438095773635

A.	O	O=0.2701339796114492	ORGANIZATION=0.0027616691718812766	PERSON=0.7208437632014264	LOCATION=0.006260588015242916
Harris	O	O=0.24510397120325514	ORGANIZATION=0.002690358921914581	PERSON=0.7435539087748284	LOCATION=0.00865176110000202

Ahmad	O	O=0.006703362501043165	ORGANIZATION=1.5584152093386155E-4	PERSON=0.9929559550530301	LOCATION=1.8484092499367332E-4
Shah	O	O=4.925265861225555E-4	ORGANIZATION=3.900228094485513E-5	PERSON=0.9993952367492035	LOCATION=7.323438372866383E-5
Masood	O	O=0.00270049111454895	ORGANIZATION=7.466224830057946E-5	PERSON=0.9957473376130356	LOCATION=0.0014775090241152663

Ahmed	O	O=0.003324422304324111	ORGANIZATION=1.5790116888540247E-4	PERSON=0.9961118745766582	LOCATION=4.058019501313358E-4
Barada	O	O=0.001205862362566365	ORGANIZATION=1.5791189175478658E-4	PERSON=0.9971186261528046	LOCATION=0.0015175995928727827

Ahmed	O	O=0.00591325304642651	ORGANIZATION=2.0197912228335087E-4	PERSON=0.9926744222094435	LOCATION=0.0012103456218466205
Faizy	O	O=0.005264106753469842	ORGANIZATION=1.821681365747657E-4	PERSON=0.9898054601131432	LOCATION=0.004748264996812573

Ahmed	O	O=0.01928078701563325	ORGANIZATION=9.898216273887341E-5	PERSON=0.9804401732681463	LOCATION=1.8005755347950074E-4
Hashem	O	O=0.0032012138912887412	ORGANIZATION=2.343977270053538E-5	PERSON=0.996760595816614	LOCATION=1.4750519394902023E-5
Zighayer	O	O=0.010883510375646818	ORGANIZATION=1.5043538167546893E-5	PERSON=0.9887413011676585	LOCATION=3.6014491852669704E-4

Ahmed	O	O=0.005152239517442261	ORGANIZATION=1.0637585606981837E-4	PERSON=0.9940130077297807	LOCATION=7.283768967077003E-4
Kafawin	O	O=0.003958837337914925	ORGANIZATION=7.258134737827582E-5	PERSON=0.993329945437051	LOCATION=0.002638635877655515

Ahmed	O	O=0.004064040914565012	ORGANIZATION=1.7542570409602258E-4	PERSON=0.994079291152199	LOCATION=0.0016812422291401425
Korei	O	O=0.0019002917612631143	ORGANIZATION=1.5037723057657488E-4	PERSON=0.9912366496029001	LOCATION=0.0067126814052607675

Ahmed	O	O=0.003361695941069954	ORGANIZATION=1.3235846828006908E-4	PERSON=0.995990438003263	LOCATION=5.155075873869963E-4
Mestiri	O	O=0.0012415530755576318	ORGANIZATION=1.2505393128361687E-4	PERSON=0.9966690542748495	LOCATION=0.0019643387183092688

Ahmed	O	O=0.034615310510676886	ORGANIZATION=7.207800843431542E-5	PERSON=0.9650357834567558	LOCATION=2.768280241318541E-4
Sekou	O	O=7.924795283662077E-5	ORGANIZATION=1.5413383813956457E-6	PERSON=0.9999185015192024	LOCATION=7.091895768293895E-7
Toure	O	O=3.280715321426253E-4	ORGANIZATION=5.486406240960962E-6	PERSON=0.9996190953973707	LOCATION=4.73466642456506E-5

Ahmed	O	O=0.00665044344960711	ORGANIZATION=8.009387898192207E-5	PERSON=0.9929599729591702	LOCATION=3.09489712240027E-4
Yassin	O	O=0.0010990869890260414	ORGANIZATION=6.107458781087887E-5	PERSON=0.997822956880954	LOCATION=0.001016881542207834

Aime	O	O=0.04427252461135226	ORGANIZATION=0.0018736059250209398	PERSON=0.9526246566558147	LOCATION=0.0012292128078113989
Jacquet	O	O=0.024510687229802913	ORGANIZATION=0.0013586682486707575	PERSON=0.9725616677623371	LOCATION=0.001568976759188844

Ainars	O	O=0.28370138439886583	ORGANIZATION=0.04175102659593911	PERSON=0.6342377991350087	LOCATION=0.04030978987018631
Kiksis	O	O=0.2554929173411738	ORGANIZATION=0.037356682412413696	PERSON=0.6613054814928351	LOCATION=0.04584491875357792

Aishwarya	O	O=0.12013507111937297	ORGANIZATION=0.007507840147625535	PERSON=0.7310107699498727	LOCATION=0.14134631878312875

Ai	O	O=0.8196835921417707	ORGANIZATION=9.896920714158963E-4	PERSON=0.17154997258002838	LOCATION=0.007776743206784939
Sugiyama	O	O=0.16962171195304704	ORGANIZATION=0.004611462334442249	PERSON=0.6993775071118187	LOCATION=0.1263893186006919

A.	O	O=0.11879302857938273	ORGANIZATION=0.0019208091749255858	PERSON=0.8736951113423618	LOCATION=0.005591050903329908
Jadeja	O	O=0.045132635064824005	ORGANIZATION=0.0014079566866480734	PERSON=0.9458697614879473	LOCATION=0.007589646760581723

Ajay	O	O=0.00323555877604729	ORGANIZATION=0.0017656496792461218	PERSON=0.9936014110170971	LOCATION=0.0013973805276081214
Jadeja	O	O=0.001793730946550166	ORGANIZATION=0.0013793860956022256	PERSON=0.9949042947050337	LOCATION=0.001922588252814318

A.	O	O=0.08663651118815165	ORGANIZATION=8.842166326027081E-4	PERSON=0.9052696170244614	LOCATION=0.007209655154784096
Kapoor	O	O=0.06429003768426707	ORGANIZATION=8.805319499360833E-4	PERSON=0.9214685539208778	LOCATION=0.013360876444919173

Akashi	O	O=0.05353757974876931	ORGANIZATION=0.004611710012203969	PERSON=0.8841500334010617	LOCATION=0.05770067683796491

Akbel	O	O=0.18723686944845302	ORGANIZATION=0.003679790672294014	PERSON=0.7689339719599461	LOCATION=0.040149367919307254

Aki	O	O=0.005450506235915575	ORGANIZATION=0.003794703881816681	PERSON=0.9809013012035596	LOCATION=0.00985348867870828

Akira	O	O=8.323645921485951E-4	ORGANIZATION=2.9580799043961996E-5	PERSON=0.9987656655810124	LOCATION=3.723890277954445E-4
Ryo	O	O=8.444843927066329E-4	ORGANIZATION=2.4060948463374798E-5	PERSON=0.9989776060977424	LOCATION=1.5384856108864876E-4

Akpoborie	O	O=0.1405740450482857	ORGANIZATION=0.0016280161086563068	PERSON=0.8174046771338424	LOCATION=0.04039326170921521

Akram	O	O=0.04118828718635867	ORGANIZATION=0.003067545631441338	PERSON=0.8904660505566188	LOCATION=0.06527811662558076

A.	O	O=0.06370501241379105	ORGANIZATION=7.110196660891129E-4	PERSON=0.9297489690018027	LOCATION=0.005834998918316581
Kumble	O	O=0.04630741229157009	ORGANIZATION=5.925309739641384E-4	PERSON=0.9451757388889678	LOCATION=0.007924317845498092

Alain	O	O=0.0012631753462348275	ORGANIZATION=3.0404660599679065E-4	PERSON=0.9971799740890909	LOCATION=0.0012528039586784047
Caveglia	O	O=4.439548217745971E-4	ORGANIZATION=3.147585737874605E-4	PERSON=0.9971572417310877	LOCATION=0.0020840448733505644

Alain	O	O=0.0010759761901628503	ORGANIZATION=5.447143021928039E-5	PERSON=0.9986132363685208	LOCATION=2.5631601109556357E-4
Juppe	O	O=2.7485319977461464E-4	ORGANIZATION=4.8059069238289617E-5	PERSON=0.9994047646559246	LOCATION=2.7232307506550014E-4

Alami	O	O=0.021916571798492247	ORGANIZATION=0.002029632177098907	PERSON=0.910500697112003	LOCATION=0.06555309891240724

Alan	O	O=0.006690061617528457	ORGANIZATION=1.8523224265147423E-5	PERSON=0.9932385509158973	LOCATION=5.2864242310681754E-5
Ackerman	O	O=9.917790720075936E-4	ORGANIZATION=2.2393513868133792E-5	PERSON=0.9988885465723519	LOCATION=9.728084177195366E-5

Alan	O	O=0.10218198136821588	ORGANIZATION=9.128074310315135E-4	PERSON=0.8937754558263162	LOCATION=0.003129755374436772
Ball	O	O=0.0947271064957292	ORGANIZATION=0.0017921715158334963	PERSON=0.8982262649832239	LOCATION=0.005254457005214522

Alan	O	O=0.003895584576086329	ORGANIZATION=2.5522600603826907E-5	PERSON=0.9960381876101337	LOCATION=4.0705213175823725E-5
Elsner	O	O=5.065766164764836E-4	ORGANIZATION=2.5725657767033846E-5	PERSON=0.9993998906961099	LOCATION=6.780702964217493E-5

Alan	O	O=0.004305979381394871	ORGANIZATION=3.4201046480596085E-5	PERSON=0.9954149822191359	LOCATION=2.4483735298949937E-4
Greenspan	O	O=3.6421730981496113E-4	ORGANIZATION=3.220807397906605E-5	PERSON=0.9989928164922669	LOCATION=6.10758123936814E-4

Alan	O	O=0.0038567255576602098	ORGANIZATION=1.9513268592319146E-5	PERSON=0.9960949082829279	LOCATION=2.8852890822660627E-5
Hunte	O	O=4.6699854287871517E-4	ORGANIZATION=1.6824740943210727E-5	PERSON=0.9994786681956144	LOCATION=3.75085205655864E-5

Alan	O	O=0.0054643564910108995	ORGANIZATION=9.461394358144487E-5	PERSON=0.9942528230863167	LOCATION=1.882064790896785E-4
Kelly	O	O=0.0019446666873927574	ORGANIZATION=1.6002082295958758E-4	PERSON=0.9975899409477175	LOCATION=3.0537154192973717E-4

Alan	O	O=0.003940105764666558	ORGANIZATION=2.2071975866409273E-5	PERSON=0.9958898852971817	LOCATION=1.479369622853142E-4
Kernaghan	O	O=5.292222801564148E-4	ORGANIZATION=1.4872845458447837E-5	PERSON=0.9991118368278451	LOCATION=3.4406804653828164E-4

Alan	O	O=0.006268172131489734	ORGANIZATION=5.621086636542193E-5	PERSON=0.993509887641452	LOCATION=1.6572936069296018E-4
Lovell	O	O=4.3854451256689775E-4	ORGANIZATION=9.07918601353846E-5	PERSON=0.9990356057320563	LOCATION=4.3505789524073173E-4

Alan	O	O=0.004169450379853348	ORGANIZATION=3.0868082739663424E-5	PERSON=0.9957399268948744	LOCATION=5.975464253289084E-5
McLoughlin	O	O=0.0014820689424443693	ORGANIZATION=9.24986772487632E-5	PERSON=0.9981144514693122	LOCATION=3.109809109946814E-4

Alan	O	O=0.0073500565637099795	ORGANIZATION=3.406749087248388E-5	PERSON=0.9925380291114958	LOCATION=7.784683392395539E-5
Moore	O	O=3.219510406049209E-4	ORGANIZATION=5.909097858145649E-5	PERSON=0.9994419457421645	LOCATION=1.7701223864810745E-4

Alan	O	O=0.00655118584562354	ORGANIZATION=2.2324422688301757E-5	PERSON=0.9933860099175746	LOCATION=4.047981411485932E-5
Mullally	O	O=0.0015520935340618913	ORGANIZATION=3.341450139710468E-5	PERSON=0.9983393458213353	LOCATION=7.514614320496612E-5

Alan	O	O=0.006981386644129513	ORGANIZATION=8.271380581602088E-5	PERSON=0.9928289777285155	LOCATION=1.0692182153790715E-4
Shearer	O	O=0.00436101545788811	ORGANIZATION=1.0674577722976957E-4	PERSON=0.9953172339925049	LOCATION=2.1500477237565682E-4

Alastair	O	O=4.0660018358858256E-4	ORGANIZATION=7.501917027428937E-5	PERSON=0.9994792667480787	LOCATION=3.911389805816191E-5
Macdonald	O	O=1.6616378258893006E-4	ORGANIZATION=8.50042951755585E-5	PERSON=0.9995419153148142	LOCATION=2.069166074229582E-4

Albert	O	O=0.005363001145477385	ORGANIZATION=4.477603853302275E-4	PERSON=0.9756707853887321	LOCATION=0.018518453080461197

Albert	O	O=5.078580243121752E-4	ORGANIZATION=5.764592658275548E-4	PERSON=0.9958194448848798	LOCATION=0.0030962378249804893
Belle	O	O=8.542739091957559E-4	ORGANIZATION=0.0010466339359019722	PERSON=0.9936046484622596	LOCATION=0.00449444369264216

Albert	O	O=7.325290071162996E-5	ORGANIZATION=4.542981274613122E-5	PERSON=0.9998149467521187	LOCATION=6.637053442159295E-5
Emon	O	O=1.9696293758500436E-4	ORGANIZATION=6.225786720481585E-5	PERSON=0.9996927100248848	LOCATION=4.806917032603619E-5

Albert	O	O=1.0933133647422424E-4	ORGANIZATION=2.169223231203484E-5	PERSON=0.9998010231226836	LOCATION=6.795330853093607E-5
Ferrer	O	O=8.448845977592736E-4	ORGANIZATION=3.412121589153025E-5	PERSON=0.9989574331677447	LOCATION=1.6356101860283203E-4

Alberto	O	O=6.200629181880835E-4	ORGANIZATION=9.058335925685469E-6	PERSON=0.9992366857604492	LOCATION=1.341929854371911E-4
Berasategui	O	O=8.550345276992254E-5	ORGANIZATION=1.0468973863755462E-5	PERSON=0.9995007310975113	LOCATION=4.032964758548676E-4

Alberto	O	O=0.018315396178913937	ORGANIZATION=7.540834433723025E-4	PERSON=0.9750451568321252	LOCATION=0.005885363545587974
Costa	O	O=0.03661490376602209	ORGANIZATION=0.0014490301679466414	PERSON=0.950534004393821	LOCATION=0.011402061672209786

Alberto	O	O=6.157021377356697E-4	ORGANIZATION=5.634654155302457E-6	PERSON=0.999294197673882	LOCATION=8.446553422643349E-5
Piotti	O	O=8.769032532413061E-5	ORGANIZATION=5.8668608274058186E-6	PERSON=0.9996689678961933	LOCATION=2.3747491765543132E-4

Albert	O	O=7.283340628577042E-5	ORGANIZATION=8.428574719632825E-6	PERSON=0.999842837293079	LOCATION=7.590072591608522E-5
Schweitzer	O	O=9.457723484417927E-5	ORGANIZATION=9.54276452838723E-6	PERSON=0.9997669256120577	LOCATION=1.2895438856925053E-4

Alec	O	O=3.493101952832375E-4	ORGANIZATION=1.835360555571838E-5	PERSON=0.9995972076668541	LOCATION=3.5128532307050916E-5
Stewart	O	O=1.048377494357004E-4	ORGANIZATION=1.5562469148640273E-5	PERSON=0.9998175792816073	LOCATION=6.202049981244103E-5

Aleix	O	O=0.024253412399964	ORGANIZATION=0.007689131890719739	PERSON=0.9657383711245221	LOCATION=0.0023190845847927428
Vidal-Quadras	O	O=0.05771766499013917	ORGANIZATION=0.00622595516812775	PERSON=0.9328801225593072	LOCATION=0.0031762572824248327

Alejandro	O	O=0.001748885130102533	ORGANIZATION=7.949279430009381E-5	PERSON=0.9967105669196457	LOCATION=0.001461055155950329
Lanusse	O	O=0.0038442446207234884	ORGANIZATION=1.242410096766626E-4	PERSON=0.9901036604180405	LOCATION=0.005927853951557463

Aleksander	O	O=7.085986179814194E-4	ORGANIZATION=3.788701207657232E-4	PERSON=0.9983029634120147	LOCATION=6.095678492358147E-4
Kwasniewski	O	O=2.1771096624124663E-4	ORGANIZATION=3.8019687401531874E-4	PERSON=0.9981500044828819	LOCATION=0.0012520876768581546

Aleksander	O	O=0.0013372959943193433	ORGANIZATION=1.9565934865149174E-5	PERSON=0.9984339269238189	LOCATION=2.092111469968288E-4
Lebed	O	O=7.909384882930959E-4	ORGANIZATION=1.944307973342148E-5	PERSON=0.9987527018221289	LOCATION=4.369166098435595E-4

Aleksandra	O	O=4.362773521440372E-5	ORGANIZATION=4.250313879242535E-6	PERSON=0.9999168462155255	LOCATION=3.5275735381923227E-5
Olsza	O	O=8.377247354044717E-5	ORGANIZATION=5.964684982604424E-6	PERSON=0.9995402112609504	LOCATION=3.700515805283616E-4

Alessandro	O	O=4.078915885591279E-4	ORGANIZATION=1.1046507107548553E-5	PERSON=0.9995067686450242	LOCATION=7.429325931023117E-5
Baronti	O	O=6.727274689595928E-4	ORGANIZATION=1.400012512402944E-5	PERSON=0.9989479627014749	LOCATION=3.6530970443834915E-4

Alessandro	O	O=2.1214405149566794E-4	ORGANIZATION=5.377070831728355E-6	PERSON=0.9996929951527134	LOCATION=8.948372496074988E-5
Lambruschini	O	O=8.377065672453424E-5	ORGANIZATION=5.904472083700335E-6	PERSON=0.9994500168669987	LOCATION=4.6030800418911253E-4

Alessandro	O	O=1.6419503671870434E-4	ORGANIZATION=6.935124500615478E-6	PERSON=0.9998065371843752	LOCATION=2.2332654406114657E-5
Melli	O	O=1.5134071266519471E-5	ORGANIZATION=1.0090966665493245E-5	PERSON=0.999888651882048	LOCATION=8.612308002015161E-5

Alexander	O	O=0.0025823440298325105	ORGANIZATION=2.0680675021598722E-5	PERSON=0.9972800827366021	LOCATION=1.1689255854435518E-4
Babayan	O	O=3.4469039511001565E-4	ORGANIZATION=1.6536085339975398E-5	PERSON=0.9991374329415368	LOCATION=5.013405780097691E-4

Alexander	O	O=0.0014935034224091836	ORGANIZATION=6.335575070410845E-5	PERSON=0.9982337273645602	LOCATION=2.0941346232709608E-4
Barkhatov	O	O=8.041762081930662E-4	ORGANIZATION=8.653970252326315E-5	PERSON=0.9984180637393053	LOCATION=6.912203499781378E-4

Alexander	O	O=0.0014030500805813986	ORGANIZATION=2.0835206804286732E-4	PERSON=0.9973854349689164	LOCATION=0.0010031628824594464
Cejka	O	O=4.972921712549662E-4	ORGANIZATION=3.0717926745662226E-4	PERSON=0.9951447240625447	LOCATION=0.0040508044987445

Alexander	O	O=0.001673825553493609	ORGANIZATION=6.91562532364526E-5	PERSON=0.9980601537889827	LOCATION=1.9686440428728008E-4
Downer	O	O=0.0011963874818937217	ORGANIZATION=9.622844952545772E-5	PERSON=0.998011334743301	LOCATION=6.960493252752319E-4

Alexander	O	O=0.009600129389081745	ORGANIZATION=4.9693342744830605E-5	PERSON=0.9898245969954208	LOCATION=5.255802727518915E-4
III	O	O=0.02528666597831714	ORGANIZATION=3.0425085778386726E-4	PERSON=0.9723824292790837	LOCATION=0.002026653884813888

Alexander	O	O=0.0026990312124283646	ORGANIZATION=1.2850733898128952E-5	PERSON=0.9972194139444199	LOCATION=6.870410925579472E-5
Lebed	O	O=3.5712377861233784E-4	ORGANIZATION=1.1692889414642754E-5	PERSON=0.9994191534731796	LOCATION=2.1202985879139694E-4

Alexander	O	O=0.07353810333578306	ORGANIZATION=0.012549901270973248	PERSON=0.867104138685182	LOCATION=0.046807856708062284
Paris	O	O=0.01522332908768235	ORGANIZATION=0.013340760863261225	PERSON=0.6421703940435878	LOCATION=0.3292655160054696

Alexander	O	O=0.0012422139916614743	ORGANIZATION=2.1246048798602864E-5	PERSON=0.9985981930007626	LOCATION=1.3834695878033263E-4
Popov	O	O=3.299543368547817E-4	ORGANIZATION=2.0483496269088893E-5	PERSON=0.9992390102744894	LOCATION=4.105518923901851E-4

Alexander	O	O=0.0012170158578433464	ORGANIZATION=7.43356590330189E-5	PERSON=0.9985724443401804	LOCATION=1.3620414294446376E-4
Volkov	O	O=3.8462204566959966E-4	ORGANIZATION=1.0514842221621656E-4	PERSON=0.9991139606156116	LOCATION=3.962689165028283E-4

Alexander	O	O=0.0016722341904012337	ORGANIZATION=6.963044733026362E-5	PERSON=0.9980862527998718	LOCATION=1.7188256239716111E-4
Zickler	O	O=0.0011922975453309982	ORGANIZATION=9.338099820482582E-5	PERSON=0.9981976120492979	LOCATION=5.167094071637839E-4

Alexandra	O	O=1.2688343685627605E-5	ORGANIZATION=1.5444292165968458E-5	PERSON=0.9999132126165766	LOCATION=5.8654747572216246E-5
Fusai	O	O=2.153856915762831E-5	ORGANIZATION=1.8801058015629354E-5	PERSON=0.9998114478048535	LOCATION=1.4821256797420832E-4

Alexandre	O	O=3.824821376620647E-4	ORGANIZATION=2.7540549808367922E-5	PERSON=0.999559154529728	LOCATION=3.0822782802065184E-5
Barros	O	O=3.1694137387338234E-4	ORGANIZATION=3.8142776442732844E-5	PERSON=0.9995429162980565	LOCATION=1.0199955162798069E-4

Alexandre	O	O=3.847902058706157E-4	ORGANIZATION=1.998655778104475E-5	PERSON=0.999552137345729	LOCATION=4.308589062117981E-5
Comisetti	O	O=2.687161134621166E-4	ORGANIZATION=2.526940246733115E-5	PERSON=0.9995468135178982	LOCATION=1.5920096617342075E-4

Alexandre	O	O=2.7931432143701873E-4	ORGANIZATION=3.2902092021368327E-6	PERSON=0.9997007144573403	LOCATION=1.6681012022250286E-5
Gontchenkov	O	O=5.990636975010166E-5	ORGANIZATION=2.671149908750437E-6	PERSON=0.9998968117509535	LOCATION=4.061072938815595E-5

Alex	O	O=6.27075292107464E-5	ORGANIZATION=1.2697960145565192E-5	PERSON=0.9999168703911636	LOCATION=7.724119481242248E-6
Arias	O	O=2.1371808703846932E-4	ORGANIZATION=1.3069600440552626E-5	PERSON=0.9997159418337348	LOCATION=5.727047878860398E-5

Alex	O	O=1.1810312935769231E-4	ORGANIZATION=1.148719973014348E-5	PERSON=0.9998545811802607	LOCATION=1.5828490650651623E-5
Belometti	O	O=1.8849079644023205E-4	ORGANIZATION=6.7318658897992E-6	PERSON=0.9997275815168357	LOCATION=7.719582083412156E-5

Alex	O	O=2.473844715718781E-4	ORGANIZATION=4.3998675599170725E-5	PERSON=0.9996538254644449	LOCATION=5.479138838398694E-5
Boraine	O	O=1.3735579585331476E-4	ORGANIZATION=3.7725335914876294E-5	PERSON=0.9995331123204308	LOCATION=2.918065477999342E-4

Alex	O	O=2.4799754296412436E-4	ORGANIZATION=6.120499092028665E-5	PERSON=0.9996557629095671	LOCATION=3.503455654985981E-5
Corretja	O	O=1.85830808711626E-4	ORGANIZATION=6.023602279268168E-5	PERSON=0.9995890283659195	LOCATION=1.6490480257459677E-4

Alex	O	O=2.5787275330948486E-4	ORGANIZATION=8.867298577407068E-5	PERSON=0.9995452928628596	LOCATION=1.0816139805680176E-4
Criville	O	O=1.8453610329791635E-4	ORGANIZATION=8.516607206802721E-5	PERSON=0.9991952595747832	LOCATION=5.350382498499769E-4

Alexei	O	O=8.32940908099893E-4	ORGANIZATION=1.842254179512564E-5	PERSON=0.9990024736634145	LOCATION=1.461628866903714E-4
Markov	O	O=2.5146531999554886E-4	ORGANIZATION=1.4194107281010972E-5	PERSON=0.999527047162112	LOCATION=2.0729341060738525E-4

Alex	O	O=5.222544336459186E-5	ORGANIZATION=2.5333028563180497E-5	PERSON=0.9999167952587724	LOCATION=5.646269298137368E-6
Ferguson	O	O=7.370969315074291E-5	ORGANIZATION=2.7010168560720863E-5	PERSON=0.9998689461750606	LOCATION=3.0333963225045893E-5

Alex	O	O=2.6401447847402192E-5	ORGANIZATION=7.354472319153292E-6	PERSON=0.9999637850934505	LOCATION=2.458986383097033E-6
Fernandez	O	O=4.903747688078083E-5	ORGANIZATION=7.648629659096696E-6	PERSON=0.9999257721978129	LOCATION=1.754169564556059E-5

Alexia	O	O=9.164765463215546E-4	ORGANIZATION=3.9223080275958956E-5	PERSON=0.9989332775192944	LOCATION=1.1102285410685372E-4
Dechaume-Balleret	O	O=0.016323707977072686	ORGANIZATION=7.905213393604391E-5	PERSON=0.9834050392345003	LOCATION=1.9220065448737799E-4

Alex	O	O=1.04310308994441E-4	ORGANIZATION=1.6943599272224414E-5	PERSON=0.9998724528861751	LOCATION=6.293205560637369E-6
O'Brien	O	O=0.0019515726461856626	ORGANIZATION=1.6117291665357907E-5	PERSON=0.9979726210066786	LOCATION=5.968905546697171E-5

Alex	O	O=2.0812517178354638E-4	ORGANIZATION=2.0221042057556583E-5	PERSON=0.9997593530077002	LOCATION=1.2300778458082263E-5
Radulescu	O	O=1.079537226703214E-4	ORGANIZATION=1.4674329128119951E-5	PERSON=0.9998253965508818	LOCATION=5.1975397319854165E-5

Alex	O	O=1.7754534690398463E-4	ORGANIZATION=2.76528509578035E-5	PERSON=0.9997746217107191	LOCATION=2.0180091420334414E-5
Rodriguez	O	O=4.8136087975823324E-5	ORGANIZATION=2.0767971809615144E-5	PERSON=0.9998247345266137	LOCATION=1.0636141360177546E-4

Alfred	O	O=0.006741045347979994	ORGANIZATION=6.276344591101548E-4	PERSON=0.9890016361637394	LOCATION=0.003629684029171189
Berkeley	O	O=0.0011096924009071883	ORGANIZATION=1.5547025966897488E-4	PERSON=0.9568493181680859	LOCATION=0.0418855191713386

Alfred	O	O=0.0016688132270430646	ORGANIZATION=2.0447940135992506E-4	PERSON=0.9980927326401416	LOCATION=3.3974731455620937E-5
Sant	O	O=0.002593660692876713	ORGANIZATION=2.2009263041939265E-4	PERSON=0.997138911292518	LOCATION=4.733538418567671E-5

Al	O	O=0.043942450948591165	ORGANIZATION=0.00514044164132503	PERSON=0.9503524586538373	LOCATION=5.646487562461998E-4
Gore	O	O=0.027036610876652323	ORGANIZATION=0.005002382050576454	PERSON=0.9668445783932406	LOCATION=0.0011164286795309639

Alhadji	O	O=6.781691438773102E-4	ORGANIZATION=6.066352725726914E-5	PERSON=0.9985171614554742	LOCATION=7.440058733924278E-4
Kromah	O	O=6.316958248660521E-4	ORGANIZATION=7.69540287816449E-5	PERSON=0.9973010645457846	LOCATION=0.0019902856005654516

Ali	O	O=0.0010353620527959754	ORGANIZATION=4.8409552312507114E-5	PERSON=0.9927979786992948	LOCATION=0.006118249695596591
Alatas	O	O=0.005727906377131606	ORGANIZATION=6.650363042425225E-5	PERSON=0.983479596468705	LOCATION=0.010725993523737706

Alicia	O	O=0.00647613282393688	ORGANIZATION=8.090259281342241E-4	PERSON=0.9566109306402216	LOCATION=0.03610391060770843

Alicia	O	O=4.14201033807732E-5	ORGANIZATION=1.0394623485151593E-5	PERSON=0.999882161112189	LOCATION=6.602416094383372E-5
Machado	O	O=8.153914901581966E-5	ORGANIZATION=1.2270131627741417E-5	PERSON=0.999760216351022	LOCATION=1.4597436833523454E-4

Ali	O	O=0.0015720210708418034	ORGANIZATION=2.889286879794555E-5	PERSON=0.9909308766573346	LOCATION=0.007468209403025116
Fallahiyan	O	O=0.006997361807336554	ORGANIZATION=3.452728809989278E-5	PERSON=0.9798611058778666	LOCATION=0.013107005026697559

Alina	O	O=5.2725181302980164E-5	ORGANIZATION=1.2677229399365988E-5	PERSON=0.9998745987712245	LOCATION=5.999881807281883E-5
Astafei	O	O=9.985755472098799E-5	ORGANIZATION=1.5908340474271133E-5	PERSON=0.9995897140356647	LOCATION=2.945200691383428E-4

Ali	O	O=0.0020068935483787097	ORGANIZATION=8.393696149878676E-5	PERSON=0.9972513004661528	LOCATION=6.578690239692821E-4
Shah	O	O=0.010128109351544333	ORGANIZATION=2.425241312965786E-4	PERSON=0.9883122611379573	LOCATION=0.0013171053792015825

Alistair	O	O=7.453546395538614E-4	ORGANIZATION=9.324649226538074E-6	PERSON=0.9991892830835525	LOCATION=5.603762767032211E-5
Brown	O	O=2.11180833018591E-4	ORGANIZATION=9.754772000637635E-6	PERSON=0.9996692122725012	LOCATION=1.0985212247629978E-4

Alistair	O	O=7.048381696033795E-4	ORGANIZATION=8.150570220502577E-4	PERSON=0.9983528580874554	LOCATION=1.2724672089012146E-4
Campbell	O	O=7.155380193539819E-4	ORGANIZATION=0.0012295037407094036	PERSON=0.9971605803326432	LOCATION=8.943779072922203E-4

Aliuska	O	O=5.378207426210372E-4	ORGANIZATION=8.149156663322894E-5	PERSON=0.9935314087248689	LOCATION=0.00584927896587526
Lopez	O	O=7.890851698067372E-4	ORGANIZATION=8.022500366963068E-5	PERSON=0.9898704231346037	LOCATION=0.009260266691919145

Allahu	O	O=0.007465331855622437	ORGANIZATION=2.4363817685074E-4	PERSON=0.9831307831707624	LOCATION=0.009160246796763982

Allan	O	O=0.00134366262093778	ORGANIZATION=6.870408556870988E-6	PERSON=0.9985568643784745	LOCATION=9.260259203289075E-5
Donald	O	O=5.227429621034985E-5	ORGANIZATION=5.137905953488249E-6	PERSON=0.9998442414770033	LOCATION=9.834632083660148E-5

Allan	O	O=6.000270908236089E-4	ORGANIZATION=1.1352362843339403E-5	PERSON=0.9993519160541048	LOCATION=3.670449222805601E-5
Mullally	O	O=4.645104936293193E-4	ORGANIZATION=1.3763654326676678E-5	PERSON=0.9994686908553693	LOCATION=5.303499667445442E-5

Allan	O	O=0.0015710350228525802	ORGANIZATION=1.3430978462518589E-4	PERSON=0.9966159158253143	LOCATION=0.0016787393672077287
Wells	O	O=0.0016534250904284367	ORGANIZATION=2.7648803572910644E-4	PERSON=0.9959083627498743	LOCATION=0.002161724123967469

Allen	O	O=0.07506679919874899	ORGANIZATION=0.002033389141772747	PERSON=0.9050173374104591	LOCATION=0.017882474249019276

Allen	O	O=0.012233690955198603	ORGANIZATION=1.6835792398653927E-4	PERSON=0.9870935446354185	LOCATION=5.044064853967127E-4
Johnson	O	O=0.0023443733630929844	ORGANIZATION=1.544649393434302E-4	PERSON=0.9968289033137806	LOCATION=6.722583837835672E-4

Ally	O	O=0.8178244910334167	ORGANIZATION=6.570832834449337E-4	PERSON=0.18119340022804767	LOCATION=3.2502545509019643E-4
McCoist	O	O=0.7105085357330407	ORGANIZATION=0.0042246552035013025	PERSON=0.28462428306839554	LOCATION=6.425259950607927E-4

Al	O	O=0.013354704510890901	ORGANIZATION=3.50533055992536E-4	PERSON=0.985858711401328	LOCATION=4.360510317881832E-4
Martin	O	O=0.0014508494439781042	ORGANIZATION=3.4357367202126303E-4	PERSON=0.9974631081599641	LOCATION=7.424687240358062E-4

Alomar	O	O=0.0630945092527427	ORGANIZATION=0.0013541170968129975	PERSON=0.8697049999483886	LOCATION=0.06584637370205575

Alonso	O	O=0.00878045525452018	ORGANIZATION=2.600841347637223E-4	PERSON=0.9885381496213446	LOCATION=0.0024213109893713347
Cervera	O	O=0.01100379598022599	ORGANIZATION=3.1776609792426557E-4	PERSON=0.9824426441827024	LOCATION=0.006235793739145639

Aloys	O	O=6.992288320184087E-4	ORGANIZATION=5.570844117460557E-5	PERSON=0.9991599486890719	LOCATION=8.511403773571078E-5
Nizigama	O	O=1.5805834522008143E-4	ORGANIZATION=6.220731614338658E-5	PERSON=0.9994326308286663	LOCATION=3.471035099727838E-4

Alvarado	O	O=0.09684080775307341	ORGANIZATION=0.0013922803017037712	PERSON=0.8560477571559663	LOCATION=0.04571915478925751

Amanda	O	O=0.0025836610153666777	ORGANIZATION=1.0781034980405023E-4	PERSON=0.9972470812249922	LOCATION=6.144740983578019E-5
Coetzer	O	O=0.0010546194215974671	ORGANIZATION=9.604510032028484E-5	PERSON=0.9987712653028699	LOCATION=7.807017520848489E-5

Amer	O	O=0.03482493097350273	ORGANIZATION=9.489139718468206E-5	PERSON=0.9649046704600095	LOCATION=1.7550716930135287E-4
Hishem	O	O=0.03240737584392467	ORGANIZATION=6.713573584720821E-5	PERSON=0.9674166241801306	LOCATION=1.0886424009649272E-4
Ali	O	O=0.004515170347182467	ORGANIZATION=2.5019161213287873E-5	PERSON=0.9949268161035965	LOCATION=5.329943880054519E-4
Mohammed	O	O=0.01443335541565575	ORGANIZATION=8.175881294079701E-5	PERSON=0.9833917424555455	LOCATION=0.0020931433158578273

Amina	O	O=9.120267649166818E-4	ORGANIZATION=1.4250842068249832E-4	PERSON=0.997159039080456	LOCATION=0.0017864257339447937
Muhammad	O	O=0.0017148105223765864	ORGANIZATION=1.1958701643298459E-4	PERSON=0.9954854850289123	LOCATION=0.002680117432278064

Amr	O	O=0.008828674539349452	ORGANIZATION=4.0757893010285E-4	PERSON=0.985711969337811	LOCATION=0.0050517771927369726
Moussa	O	O=0.003620524863435165	ORGANIZATION=3.6835471631702646E-4	PERSON=0.9885722601556436	LOCATION=0.007438860264603591

Amrollah	O	O=0.1739591291779632	ORGANIZATION=0.02305436428942596	PERSON=0.5594782514421821	LOCATION=0.24350825509042798

Amr	O	O=0.039690702273633596	ORGANIZATION=5.142511440134663E-4	PERSON=0.9511094801635238	LOCATION=0.00868556641882918
Shabana	O	O=0.021560843791605642	ORGANIZATION=3.999948907108366E-4	PERSON=0.966170427051991	LOCATION=0.011868734265691674

A.	O	O=0.1456366259524026	ORGANIZATION=5.956083872627239E-4	PERSON=0.8526731911692267	LOCATION=0.0010945744911082542
Mullally	O	O=0.1322894987648106	ORGANIZATION=6.288116864665392E-4	PERSON=0.8656019012952132	LOCATION=0.001479788253508589

Amy	O	O=0.007844469269038956	ORGANIZATION=8.842090577282818E-5	PERSON=0.9917029545598358	LOCATION=3.6415526535327517E-4
Frazier	O	O=0.009137812563202521	ORGANIZATION=6.797597495256657E-5	PERSON=0.9901511065646651	LOCATION=6.431048971809198E-4

Ana	O	O=0.04174529322672029	ORGANIZATION=2.0488477671941655E-4	PERSON=0.9577401642934714	LOCATION=3.0965770308853614E-4
Fidelia	O	O=0.0027947028695304585	ORGANIZATION=2.1528269093862062E-5	PERSON=0.9970747210569428	LOCATION=1.0904780443389635E-4
Quirot	O	O=0.008052943870075421	ORGANIZATION=2.2662230804631437E-5	PERSON=0.9901623878610089	LOCATION=0.0017620060381112403

Anatoly	O	O=0.0029061787943848857	ORGANIZATION=2.905215427527626E-5	PERSON=0.9970122528761064	LOCATION=5.2516175233010905E-5
Shkirko	O	O=6.853076596384459E-4	ORGANIZATION=2.5184606703698827E-5	PERSON=0.9991341909969089	LOCATION=1.553167367468034E-4

