ABDERDEEN	O	O=0.6768048426036669	ORGANIZATION=0.0995762141851525	PERSON=0.09757163443623389	LOCATION=0.12604730877494721

Abidjan	O	O=0.0350034958706563	ORGANIZATION=0.0032071246424380984	PERSON=0.03621539194973397	LOCATION=0.9255739875371707

ABIDJAN	O	O=0.10230792562976516	ORGANIZATION=0.08198896728475119	PERSON=0.00869850672332766	LOCATION=0.8070046003621564

Abu	O	O=0.010386350115218235	ORGANIZATION=4.0278106225831374E-4	PERSON=0.6000139805816219	LOCATION=0.3891968882409014
Dhabi	O	O=0.012850115296912185	ORGANIZATION=1.5515720547198787E-4	PERSON=0.5313351421466942	LOCATION=0.45565958535092177

Abuja	O	O=0.014441333474533259	ORGANIZATION=0.0026894924563554386	PERSON=0.026328412861485854	LOCATION=0.9565407612076247

Acatepec	O	O=0.6539229528399598	ORGANIZATION=0.009673105817877222	PERSON=0.08119658486862975	LOCATION=0.2552073564735323

Addis	O	O=0.17236644421412373	ORGANIZATION=0.006557328527961355	PERSON=0.1956448809608898	LOCATION=0.6254313462970237
Ababa	O	O=0.08057131922908418	ORGANIZATION=0.006054688344102278	PERSON=0.19622898384240295	LOCATION=0.7171450085844103

ADDIS	O	O=0.7156707151086229	ORGANIZATION=0.018681305733981086	PERSON=0.005988003363898839	LOCATION=0.2596599757934979
ABABA	O	O=0.6091094204575985	ORGANIZATION=0.044826079363401446	PERSON=0.008701162271801732	LOCATION=0.3373633379071996

Adel	O	O=0.09754720545511898	ORGANIZATION=0.015438858816630568	PERSON=0.8544382960438748	LOCATION=0.03257563968437585

Adige	O	O=0.6965081258954321	ORGANIZATION=0.009361207941521336	PERSON=0.16064075954780124	LOCATION=0.13348990661524474

Afghanistan	O	O=0.05680957476831726	ORGANIZATION=4.1804221683299094E-4	PERSON=0.005026533509613942	LOCATION=0.9377458495052363

Africa	O	O=0.1897094091357532	ORGANIZATION=8.998308146691322E-4	PERSON=0.014762891560732645	LOCATION=0.7946278684888447

African	O	O=0.9704385544837866	ORGANIZATION=8.960574233475273E-5	PERSON=1.0036997618203436E-4	LOCATION=0.02937146979769576
Football	O	O=0.9819564059302619	ORGANIZATION=0.0022634258977624784	PERSON=5.641330633172001E-4	LOCATION=0.015216035108657695
Confederation	O	O=0.9802261161569273	ORGANIZATION=0.002369450085679709	PERSON=0.001767781411484824	LOCATION=0.015636652345904223

Aguas	O	O=0.4955022078851464	ORGANIZATION=0.05129676666791324	PERSON=0.36114337315466954	LOCATION=0.0920576522922711
Zarcas	O	O=0.4971765613747386	ORGANIZATION=0.04870312563082323	PERSON=0.36203006251348874	LOCATION=0.0920902504809464
de	O	O=0.6691662618102836	ORGANIZATION=0.013971456265027458	PERSON=0.2200596955833657	LOCATION=0.09680258634132172
San	O	O=0.0968468901164214	ORGANIZATION=0.019300893266622994	PERSON=0.19043237503882746	LOCATION=0.6934198415781276
Carlos	O	O=0.04067217709075236	ORGANIZATION=0.019558491625254745	PERSON=0.20787907904729672	LOCATION=0.7318902522366953

AJACCIO	O	O=0.07373154304021319	ORGANIZATION=0.07490851864472702	PERSON=0.01307143098297537	LOCATION=0.8382885073320842

Akron	O	O=0.034932076842669704	ORGANIZATION=0.00937822591350123	PERSON=0.06731232776206292	LOCATION=0.8883773694817666

AKRON	O	O=0.14185378781909605	ORGANIZATION=0.04688117563708679	PERSON=0.024529229745913393	LOCATION=0.7867358067979044

AL	O	O=0.7936997074426675	ORGANIZATION=0.024400157066559403	PERSON=0.1301061422656251	LOCATION=0.05179399322514838

Ala	O	O=0.07631593041322834	ORGANIZATION=0.002148697660099214	PERSON=0.8361543556870653	LOCATION=0.08538101623960667

Al-Aqsa	O	O=0.4341526630540534	ORGANIZATION=0.05728449460654285	PERSON=0.14173765088823623	LOCATION=0.3668251914511672

Alaska	O	O=0.029369024024885396	ORGANIZATION=0.011258288971747764	PERSON=0.010748287818365497	LOCATION=0.9486243991850015

Albania	O	O=0.0010451940974299685	ORGANIZATION=4.535390860825493E-5	PERSON=0.001122801854461834	LOCATION=0.9977866501395003

Alberta	O	O=0.009204604184180763	ORGANIZATION=0.002826789099659226	PERSON=0.012301567195591969	LOCATION=0.9756670395205693

Aleksandrovac	O	O=0.02203731012213526	ORGANIZATION=0.00545299661595973	PERSON=0.03775255942627158	LOCATION=0.9347571338356334

Alexandroupolis	O	O=0.20853027461790816	ORGANIZATION=0.005412673898336729	PERSON=0.1449368550319717	LOCATION=0.6411201964517833

ALEXANDROUPOLIS	O	O=0.7362539186170445	ORGANIZATION=0.05591353035688111	PERSON=0.008369909449145218	LOCATION=0.19946264157692914

Algeria	O	O=0.005357479530042549	ORGANIZATION=3.5265554704901037E-4	PERSON=0.0014686508797172584	LOCATION=0.9928212140431916

Algiers	O	O=0.14718900028026302	ORGANIZATION=0.008808257685530783	PERSON=0.051426836127538206	LOCATION=0.7925759059066688

Alicante	O	O=0.1288667771659633	ORGANIZATION=0.008140953720762583	PERSON=0.12543137223278533	LOCATION=0.7375608968804886

Alkhan-Yurt	O	O=0.08115182811025472	ORGANIZATION=0.011540770962501895	PERSON=0.06883227760505436	LOCATION=0.8384751233221885

ALKHAN-YURT	O	O=0.60577412806102	ORGANIZATION=0.013914302765287696	PERSON=0.001915921114415177	LOCATION=0.37839564805927695

Allenby	O	O=0.08302124773357616	ORGANIZATION=0.012157412303110408	PERSON=0.13263017580934236	LOCATION=0.7721911641539718
Bridge	O	O=0.10355948174835655	ORGANIZATION=0.01250135665959362	PERSON=0.08801368668163535	LOCATION=0.7959254749104141

ALLENTOWN	O	O=0.14105791712988877	ORGANIZATION=0.06402288412945349	PERSON=0.047936312356576985	LOCATION=0.7469828863840813

Almere	O	O=0.38694009267813884	ORGANIZATION=0.003241063872940622	PERSON=0.07863480485290136	LOCATION=0.5311840385960201

ALMERE	O	O=0.5018991619668147	ORGANIZATION=0.05897387912556899	PERSON=0.026214253206481193	LOCATION=0.4129127057011351

AL-MUNTAR	O	O=0.9430552306124524	ORGANIZATION=0.01706189955050145	PERSON=0.009349643848593341	LOCATION=0.03053322598845307

Alomella	O	O=0.04940326063916186	ORGANIZATION=0.0012961148536051504	PERSON=0.6645429026824695	LOCATION=0.28475772182476383
Robles	O	O=0.03433811949914451	ORGANIZATION=0.0011667924285204314	PERSON=0.6764661149927836	LOCATION=0.2880289730795519

al-Risala	O	O=0.679643826002287	ORGANIZATION=0.010180472944108213	PERSON=0.11228662901326442	LOCATION=0.19788907204033993

Alta	O	O=0.19283401364072844	ORGANIZATION=0.05513155950566252	PERSON=0.2677935906348253	LOCATION=0.48424083621878367

Altamira	O	O=0.039728796978545554	ORGANIZATION=0.02925520962864373	PERSON=0.14153941386759814	LOCATION=0.7894765795252134

Amazon	O	O=0.05688387499954622	ORGANIZATION=0.18317122600723004	PERSON=0.03654859642997617	LOCATION=0.7233963025632482

America	O	O=0.09079417182628986	ORGANIZATION=0.0021620808324315003	PERSON=0.0037861968651885596	LOCATION=0.9032575504760891

Amman	O	O=0.020989642437679982	ORGANIZATION=0.0013649237613091933	PERSON=0.008006706598021779	LOCATION=0.969638727202989

AMMAN	O	O=0.10378310109352978	ORGANIZATION=0.07072668730792471	PERSON=0.009659701061850863	LOCATION=0.8158305105366949

Amsterdam	O	O=0.0026419233032816715	ORGANIZATION=0.001773823447471139	PERSON=0.0019262566135531832	LOCATION=0.9936579966356941

AMSTERDAM	O	O=0.1180784806410455	ORGANIZATION=0.0866935113472214	PERSON=0.008714922089724653	LOCATION=0.7865130859220084

Amsterdam-Rotterdam	O	O=0.2019661038491326	ORGANIZATION=0.09901054083258869	PERSON=0.08530499280401208	LOCATION=0.613718362514267

Amsterdam-Rotterdam-Antwerp	O	O=0.38416353780615253	ORGANIZATION=0.09084528163474415	PERSON=0.040051760987560775	LOCATION=0.48493941957154213

AMSTETTEN	O	O=0.12821792854660838	ORGANIZATION=0.07373348021695478	PERSON=0.02593713801501911	LOCATION=0.7721114532214185

ANCHORAGE	O	O=0.3544262053532671	ORGANIZATION=0.05256992125206487	PERSON=0.017307708101798554	LOCATION=0.57569616529287

Andhra	O	O=0.08985052296434441	ORGANIZATION=0.010629162514892949	PERSON=0.5040348701213687	LOCATION=0.3954854443993935
Pradesh	O	O=0.09635026059133034	ORGANIZATION=0.010827018722476116	PERSON=0.501974443351795	LOCATION=0.3908482773343971

Angola	O	O=0.015274296751508366	ORGANIZATION=2.759508954589268E-4	PERSON=0.004770849045293555	LOCATION=0.9796789033077393

ANGOLA	O	O=0.017868614841291916	ORGANIZATION=0.015147474497643514	PERSON=0.001244492742873671	LOCATION=0.9657394179181908

Anhui	O	O=0.045183909951471396	ORGANIZATION=0.004592265789628584	PERSON=0.0987820804076218	LOCATION=0.851441743851278

Ankara	O	O=0.010689345950408043	ORGANIZATION=4.3777613118165903E-4	PERSON=0.007192522387379245	LOCATION=0.9816803555310303

ANKARA	O	O=0.08095611219356844	ORGANIZATION=0.054185577323250696	PERSON=0.005604473909819311	LOCATION=0.8592538365733613

Antara	O	O=0.09695152558833481	ORGANIZATION=0.009405163570922803	PERSON=0.08575993724396902	LOCATION=0.8078833735967741

Antioquia	O	O=0.01685184240876043	ORGANIZATION=0.0025279846788383103	PERSON=0.02514987139353457	LOCATION=0.9554703015188659

Antwerp	O	O=0.025430525454671775	ORGANIZATION=0.0024198486380476213	PERSON=0.03199082739523836	LOCATION=0.940158798512043

Anza	O	O=0.267831224647747	ORGANIZATION=0.050768514048058516	PERSON=0.2884122362360339	LOCATION=0.39298802506816044

Aqaba	O	O=0.006444970673259838	ORGANIZATION=0.0014735905066985801	PERSON=0.006829923871301276	LOCATION=0.9852515149487391

Arab	O	O=0.34510580569044585	ORGANIZATION=0.0019479988573648315	PERSON=0.016007438372771507	LOCATION=0.6369387570794205
East	O	O=0.31148495507688995	ORGANIZATION=0.007120128778496011	PERSON=0.0013585472191169768	LOCATION=0.6800363689254981
Jerusalem	O	O=0.2618553849263532	ORGANIZATION=0.0076880776583230555	PERSON=0.0018245889473089325	LOCATION=0.728631948468015

Arabised	O	O=0.926561471249506	ORGANIZATION=0.0024084564599559035	PERSON=0.011694690565733771	LOCATION=0.059335381724803654
north	O	O=0.9488441653605512	ORGANIZATION=1.259164050255379E-4	PERSON=3.276321120683257E-4	LOCATION=0.050702286122354306

Arbil	O	O=0.10576256958128577	ORGANIZATION=0.010233256214526195	PERSON=0.02883372566295937	LOCATION=0.855170448541228

Argentina	O	O=0.012473194011436112	ORGANIZATION=0.0064815438193375745	PERSON=0.008694091258674888	LOCATION=0.9723511709105509

Arizona	O	O=0.1807871365760283	ORGANIZATION=0.03564364637803812	PERSON=0.02535073658291937	LOCATION=0.7582184804630138

Ark	O	O=0.9726887687987092	ORGANIZATION=0.0036908801476035727	PERSON=0.019196301462308735	LOCATION=0.004424049591377948

Arkansas	O	O=0.03855096031227287	ORGANIZATION=0.04855852959927216	PERSON=0.012298367265590133	LOCATION=0.9005921428228646

Armenia	O	O=0.00880359530647218	ORGANIZATION=7.575906462556913E-4	PERSON=0.0012714417421811632	LOCATION=0.9891673723050909

Ashoknagar	O	O=0.4346589629596994	ORGANIZATION=0.017383744926011493	PERSON=0.06332758304080374	LOCATION=0.4846297090734856

Ashta	O	O=0.4327856623634339	ORGANIZATION=0.017493712575001753	PERSON=0.0546787452544775	LOCATION=0.4950418798070864

Asia	O	O=0.04560389312886581	ORGANIZATION=0.003584041633834703	PERSON=0.010769701902132103	LOCATION=0.9400423633351666

ASIA	O	O=0.24415916997107667	ORGANIZATION=0.3950197704597231	PERSON=0.0033218546965052883	LOCATION=0.35749920487269454

ASIA	O	O=0.1967629438075032	ORGANIZATION=0.11539512131613536	PERSON=0.002829843295779376	LOCATION=0.6850120915805823
PACIFIC	O	O=0.19777264649951157	ORGANIZATION=0.04423179620465168	PERSON=0.01719639092055777	LOCATION=0.7407991663752791

Asmara	O	O=0.018751962504096855	ORGANIZATION=0.0012263478658073442	PERSON=0.01738818771028448	LOCATION=0.9626335019198108

Athens	O	O=0.020824263876208223	ORGANIZATION=0.0037710204491219947	PERSON=0.005036014811601438	LOCATION=0.9703687008630674

ATHENS	O	O=0.06662776237159368	ORGANIZATION=0.0972952723663075	PERSON=0.0060645661981103185	LOCATION=0.8300123990639886

Atlanta	O	O=0.015459100238937463	ORGANIZATION=0.0030122483123760217	PERSON=0.005533821908582768	LOCATION=0.9759948295401022

ATLANTA	O	O=0.03689083820214509	ORGANIZATION=0.07667904174772455	PERSON=0.021302502643498176	LOCATION=0.8651276174066325

Atlantic	O	O=0.10521478430383409	ORGANIZATION=0.008861025830309227	PERSON=0.012385455426703766	LOCATION=0.8735387344391525

Atlantic	O	O=0.0021075944574890627	ORGANIZATION=0.008067193791364701	PERSON=6.319196324497785E-5	LOCATION=0.989762019787902
City	O	O=0.012778703974335717	ORGANIZATION=0.008216295410888684	PERSON=9.185082124027969E-5	LOCATION=0.9789131497935353

ATLANTIC	O	O=0.01093296290996259	ORGANIZATION=0.010955609139639274	PERSON=5.939540262830768E-4	LOCATION=0.9775174739241149
CITY	O	O=0.029127933938387043	ORGANIZATION=0.013224587967400921	PERSON=0.0011366796067408006	LOCATION=0.9565107984874708

ATLANTIC	O	O=0.230404326474936	ORGANIZATION=0.009107093311010221	PERSON=0.004185654700311397	LOCATION=0.7563029255137413
HIGHLANDS	O	O=0.4802868796191489	ORGANIZATION=0.0039914709789758	PERSON=0.0023618797709902277	LOCATION=0.5133597696308847

Atlantic	O	O=2.9525749132643656E-4	ORGANIZATION=0.0013153588901879377	PERSON=5.6762891037796874E-5	LOCATION=0.998332620727447
Ocean	O	O=0.002457679730772492	ORGANIZATION=0.0014446731794802979	PERSON=3.594620925513863E-4	LOCATION=0.9957381849971951

Auckland	O	O=0.03279831422822909	ORGANIZATION=0.0018776674067353873	PERSON=0.005490117031444488	LOCATION=0.9598339013335909

AUCKLAND	O	O=0.09877111517693281	ORGANIZATION=0.020122936244502874	PERSON=0.00745252342447638	LOCATION=0.8736534251540881

Australia	O	O=0.005155076418755762	ORGANIZATION=6.335737914607635E-4	PERSON=0.0022891645993653236	LOCATION=0.991922185190417

AUSTRALIA	O	O=0.013598985736950927	ORGANIZATION=0.005383577563853913	PERSON=7.915060911455161E-4	LOCATION=0.9802259306080501

Austria	O	O=0.02156745895180938	ORGANIZATION=4.982249016050706E-4	PERSON=3.223414627469602E-4	LOCATION=0.9776119746838388

AUSTRIA	O	O=0.05477791247867305	ORGANIZATION=0.001080754864265105	PERSON=2.2693263029456405E-4	LOCATION=0.9439144000267679

Avalon	O	O=0.8858726442632325	ORGANIZATION=0.021837331804324994	PERSON=0.056165647736302754	LOCATION=0.03612437619613949
Borough	O	O=0.8898553332626025	ORGANIZATION=0.022396861125698747	PERSON=0.049569621473320565	LOCATION=0.03817818413837811

Azad	O	O=0.12094294997703811	ORGANIZATION=0.00573538674882245	PERSON=0.8535145163612845	LOCATION=0.019807146912855143
(	O	O=0.9989519658572356	ORGANIZATION=3.0191768420733805E-5	PERSON=5.877292904915694E-4	LOCATION=4.3011308384915584E-4
free	O	O=0.9980556794233575	ORGANIZATION=8.081520517680937E-4	PERSON=5.7686938077200055E-5	LOCATION=0.001078481586796755
)	O	O=0.9953259875872963	ORGANIZATION=2.197738223670253E-5	PERSON=3.159504885691105E-4	LOCATION=0.004336084541898315
Kashmir	O	O=0.007738991737500741	ORGANIZATION=0.017054789478579843	PERSON=0.006980401705048126	LOCATION=0.9682258170788717

Azerbaijan	O	O=0.011132159420601341	ORGANIZATION=3.951564833475058E-4	PERSON=0.004544053480313532	LOCATION=0.9839286306157389

Badi-Tondon	O	O=0.5153427426273408	ORGANIZATION=0.00944134875615991	PERSON=0.33564779051482574	LOCATION=0.1395681181016736

Baghdad	O	O=0.004032967575562413	ORGANIZATION=1.9112652771527584E-4	PERSON=0.0023093409369786297	LOCATION=0.9934665649597437

BAGHDAD	O	O=0.17700173135106387	ORGANIZATION=0.025655482356178618	PERSON=0.018876579228129877	LOCATION=0.7784662070646281

Bagram	O	O=0.0189960607991908	ORGANIZATION=0.00302567627235236	PERSON=0.04494140007704441	LOCATION=0.9330368628514132

Bahamas	O	O=0.14771817143818414	ORGANIZATION=0.009035430479480858	PERSON=0.05379345836237463	LOCATION=0.7894529397199607

Bahrain	O	O=0.02721334583537163	ORGANIZATION=1.651885363679438E-4	PERSON=0.0011037927495651176	LOCATION=0.9715176728786954

Bailundo	O	O=0.01572086942543031	ORGANIZATION=0.0011185805270944023	PERSON=0.03008826497968677	LOCATION=0.9530722850677878

Baku	O	O=0.050557336884009596	ORGANIZATION=0.01467545494892344	PERSON=0.08868209684320968	LOCATION=0.8460851113238574

Balkan	O	O=0.08998043960391759	ORGANIZATION=0.001056918011442115	PERSON=0.02219430462599148	LOCATION=0.8867683377586488

Balkans	O	O=0.04065995568480173	ORGANIZATION=9.460443599542176E-4	PERSON=0.010557901701522663	LOCATION=0.9478360982537223

Balochistan	O	O=0.01033202440776592	ORGANIZATION=5.818678970749713E-4	PERSON=0.015927765628510445	LOCATION=0.9731583420666491

Baltimore	O	O=0.08787791273500785	ORGANIZATION=0.013475025675275623	PERSON=0.035122032280566845	LOCATION=0.8635250293091494

BALTIMORE	O	O=0.11174800535463929	ORGANIZATION=0.042306931934150825	PERSON=0.02857887833191451	LOCATION=0.8173661843792952

Banat	O	O=0.17813945284592078	ORGANIZATION=0.010430645328046325	PERSON=0.17081391621787756	LOCATION=0.6406159856081549

Bandundu	O	O=0.03131676702637242	ORGANIZATION=0.005710475002759743	PERSON=0.050886831702180134	LOCATION=0.912085926268688

Bangkok	O	O=0.011789141994176884	ORGANIZATION=0.0027339548056609657	PERSON=0.009745303107828942	LOCATION=0.975731600092334

BANGKOK	O	O=0.02996839448444908	ORGANIZATION=0.014211185985270927	PERSON=0.008536834816075518	LOCATION=0.9472835847142046

Bangladesh	O	O=0.004976784124796348	ORGANIZATION=5.037727597303815E-4	PERSON=0.0027135055362045844	LOCATION=0.9918059375792682

BANGLADESH	O	O=0.060499838640441485	ORGANIZATION=0.0062904115269644565	PERSON=0.007277627153504689	LOCATION=0.9259321226790895

Bangui	O	O=0.010689031161777498	ORGANIZATION=0.002994333729529252	PERSON=0.023348171342360842	LOCATION=0.9629684637663332

Banja	O	O=0.4864488604245796	ORGANIZATION=0.060726753159345906	PERSON=0.31163430056266134	LOCATION=0.14119008585341214
Luka	O	O=0.4348897200656763	ORGANIZATION=0.06099385456847117	PERSON=0.3465808586241823	LOCATION=0.15753556674166955

Barcelona	O	O=0.05740785533568245	ORGANIZATION=0.2797203290789247	PERSON=0.09204240438298919	LOCATION=0.5708294112024037

BARCELONA	O	O=0.16418466510788174	ORGANIZATION=0.3235336072167719	PERSON=0.026622505043944956	LOCATION=0.4856592226314012

Barentsburg	O	O=0.0022313441755503387	ORGANIZATION=7.505978241868216E-4	PERSON=0.004359878024130419	LOCATION=0.992658179976132

Barnagar	O	O=0.5050176585235417	ORGANIZATION=0.016811594306608373	PERSON=0.0673805101025581	LOCATION=0.41079023706729184

BARRY	O	O=0.12901103317182847	ORGANIZATION=0.026988032207331914	PERSON=0.7896248375237137	LOCATION=0.05437609709712566

Basque	O	O=0.9359882677986335	ORGANIZATION=0.004462961124233151	PERSON=0.002068385480594336	LOCATION=0.057480385596539424
Country	O	O=0.9335903312912256	ORGANIZATION=0.0046785018650359455	PERSON=0.0030879466943409106	LOCATION=0.058643220149397976

BATKIVSHCHYNA	O	O=0.899461199678617	ORGANIZATION=0.058551297519066854	PERSON=0.0204519406378342	LOCATION=0.02153556216448251
COLLECTIVE	O	O=0.9974724254280257	ORGANIZATION=0.0018036201633826055	PERSON=1.066844085843639E-4	LOCATION=6.172700000105825E-4
FARM	O	O=0.9963195861895925	ORGANIZATION=0.0024183838709215147	PERSON=7.171743540360948E-4	LOCATION=5.448555854470687E-4

Beijing	O	O=0.011438731637726223	ORGANIZATION=3.4428916651952035E-4	PERSON=0.0035275456257334104	LOCATION=0.9846894335700201

BEIJING	O	O=0.048086730618298684	ORGANIZATION=0.025352910796547435	PERSON=0.013434992024229249	LOCATION=0.9131253665609239

Beirut	O	O=0.024951087089876582	ORGANIZATION=0.0010687511162183413	PERSON=0.009114294721627437	LOCATION=0.9648658670722762

BEIRUT	O	O=0.11284078111456626	ORGANIZATION=0.03557563790745004	PERSON=0.011495724312018422	LOCATION=0.8400878566659656

Beja	O	O=0.3863654710693067	ORGANIZATION=0.018557892189072084	PERSON=0.4285150144133884	LOCATION=0.16656162232823327

Belarus	O	O=0.0342399465728386	ORGANIZATION=7.394804748745742E-4	PERSON=0.010534410244044857	LOCATION=0.9544861627082419

BELCHATOW	O	O=0.8321624489243442	ORGANIZATION=0.04590687829235326	PERSON=0.06810162876330972	LOCATION=0.053829044019993104

Belem	O	O=0.0623879960374591	ORGANIZATION=0.003838478601697161	PERSON=0.022039339015780646	LOCATION=0.9117341863450643

Belgium	O	O=0.013637121562032345	ORGANIZATION=2.523683361743806E-4	PERSON=0.002181420028024906	LOCATION=0.9839290900737685

Belgrade	O	O=0.0349560246920046	ORGANIZATION=0.0022559214109285817	PERSON=0.020907953656153475	LOCATION=0.9418801002409127

BELGRADE	O	O=0.09861192238639285	ORGANIZATION=0.027898733417069433	PERSON=0.013808459301061966	LOCATION=0.8596808848954761

Bell	O	O=0.892092672890281	ORGANIZATION=0.050414500706491956	PERSON=0.03987579629820589	LOCATION=0.017617030105020366
St	O	O=0.9464734887614097	ORGANIZATION=0.02191777881606793	PERSON=8.19757475921889E-4	LOCATION=0.030788974946601322
Station	O	O=0.930807903344017	ORGANIZATION=0.020830338151747247	PERSON=0.0010729865105014703	LOCATION=0.04728877199373646

Benelux	O	O=0.24602673718325965	ORGANIZATION=0.018854776934887588	PERSON=0.3322002416546766	LOCATION=0.4029182442271763

Ben	O	O=0.005937366539199878	ORGANIZATION=1.0594921133848339E-4	PERSON=0.9857102650655117	LOCATION=0.008246419183950984
Gurion	O	O=0.006363497860884783	ORGANIZATION=1.2541896648386204E-4	PERSON=0.9806974664873269	LOCATION=0.012813616685305368

Benin	O	O=0.003488954315923023	ORGANIZATION=1.297364918968979E-4	PERSON=0.006150054637689278	LOCATION=0.9902312545544913

Bergen	O	O=0.014023035243153096	ORGANIZATION=0.0029024190376500847	PERSON=0.12679998560399086	LOCATION=0.8562745601152054

Berlin	O	O=0.0211082634075529	ORGANIZATION=6.151008324961163E-5	PERSON=0.00927462566437667	LOCATION=0.9695556008448202

BERLIN	O	O=0.3293953026778981	ORGANIZATION=0.006398813211178946	PERSON=0.007134959581865023	LOCATION=0.6570709245290576

Bermuda	O	O=0.03932850218956768	ORGANIZATION=0.0020129354282981925	PERSON=0.04026320509821731	LOCATION=0.9183953572839163

BERNE	O	O=0.27468962525330937	ORGANIZATION=0.10270068949396263	PERSON=0.4433945578450672	LOCATION=0.17921512740766038

Berovo	O	O=0.41078201465658254	ORGANIZATION=0.004359470075200082	PERSON=0.2851706815115871	LOCATION=0.29968783375663066

Bethlehem	O	O=0.02145508367512	ORGANIZATION=0.001917127268977398	PERSON=0.0076845946461767956	LOCATION=0.968943194409726

Bilbao	O	O=0.27752071675941065	ORGANIZATION=0.06386720581166629	PERSON=0.3040783459425022	LOCATION=0.35453373148642064

Billings	O	O=0.9779673487190516	ORGANIZATION=8.513602533200181E-4	PERSON=0.012845093437017664	LOCATION=0.008336197590610427

Birmingham	O	O=0.008428798823105217	ORGANIZATION=0.0019767618915072583	PERSON=0.009660589697656784	LOCATION=0.9799338495877314

Birmingham	O	O=0.018512897286316762	ORGANIZATION=0.006721642109889001	PERSON=2.0364515611125575E-4	LOCATION=0.9745618154476826
Public	O	O=0.2766171795828264	ORGANIZATION=0.00973238700574846	PERSON=1.311969904746208E-4	LOCATION=0.7135192364209489
Park	O	O=0.275669856964391	ORGANIZATION=0.009942448776546488	PERSON=0.002739817060443468	LOCATION=0.7116478771986205

Birmingham	O	O=0.00971474626747228	ORGANIZATION=0.3963361339603052	PERSON=2.649661733545541E-4	LOCATION=0.5936841535988688
Public	O	O=0.1918361521714285	ORGANIZATION=0.6155845232527118	PERSON=1.3580678381097387E-5	LOCATION=0.1925657438974782
Park	O	O=0.192695880006573	ORGANIZATION=0.6197863941048393	PERSON=1.116556693547426E-4	LOCATION=0.18740607021923147
&	O	O=0.30419169447054833	ORGANIZATION=0.6353335003848019	PERSON=5.3259310005197835E-5	LOCATION=0.06042154583464399
Rec	O	O=0.30101878325781395	ORGANIZATION=0.6425776342830882	PERSON=0.0011253290259032312	LOCATION=0.055278253433196006

Bistrita	O	O=0.07181176661034994	ORGANIZATION=0.01232173251718304	PERSON=0.5676158506181189	LOCATION=0.3482506502543492

BISTRITA	O	O=0.24664761208891656	ORGANIZATION=0.1141222995536909	PERSON=0.2905781036887022	LOCATION=0.34865198466869013

Black	O	O=0.7630464770531481	ORGANIZATION=0.004633099898186287	PERSON=0.21415637950182242	LOCATION=0.018164043546841983

Black	O	O=0.3272758123376363	ORGANIZATION=0.004493476223304889	PERSON=0.1218941615273023	LOCATION=0.5463365499117568
Sea	O	O=0.30858580703044036	ORGANIZATION=0.005166476580124149	PERSON=0.13463397594598692	LOCATION=0.5516137404434489

BLACK	O	O=0.7583635152254912	ORGANIZATION=2.2488365482717048E-4	PERSON=0.006535966374800139	LOCATION=0.23487563474488063
SEA	O	O=0.7152103635821813	ORGANIZATION=0.007064915901049743	PERSON=0.011457131402154192	LOCATION=0.2662675891146136

BLANTYRE	O	O=0.06959530157215163	ORGANIZATION=0.031479510239273104	PERSON=0.013343183174724382	LOCATION=0.8855820050138514

Boddington	O	O=0.0486636835939399	ORGANIZATION=0.03744917481264758	PERSON=0.23341530823684392	LOCATION=0.6804718333565689

Bogota	O	O=0.0012750479190591273	ORGANIZATION=4.519962869306764E-4	PERSON=0.0018059772831799162	LOCATION=0.9964669785108288

BOGOTA	O	O=0.020336577901278637	ORGANIZATION=0.04499543714078802	PERSON=0.004759804829716312	LOCATION=0.9299081801282156

Bogra	O	O=0.005491465978027427	ORGANIZATION=0.0024139513714392475	PERSON=0.009349650121447464	LOCATION=0.9827449325290863

Bombay	O	O=0.07519564825899878	ORGANIZATION=0.002194583926392371	PERSON=0.026774724760073323	LOCATION=0.8958350430545358

BOMBAY	O	O=0.08496866841074664	ORGANIZATION=0.029642893004274085	PERSON=0.008336043981304617	LOCATION=0.8770523946036748

Bonn	O	O=0.016206608568958177	ORGANIZATION=0.012709040997050567	PERSON=0.051231857376156605	LOCATION=0.919852493057835

BONN	O	O=0.07995847387685158	ORGANIZATION=0.24804170884836357	PERSON=0.004090048419228682	LOCATION=0.6679097688555563

Boo-nee-OL	O	O=0.8509302832563341	ORGANIZATION=0.013507811767003535	PERSON=0.061668905441722474	LOCATION=0.07389299953493926

Bordeaux	O	O=0.041016048694004416	ORGANIZATION=0.004230026211517389	PERSON=0.035051715035450494	LOCATION=0.9197022100590274

Born	O	O=0.9864716158117768	ORGANIZATION=0.00122545149963835	PERSON=0.004191594033791434	LOCATION=0.008111338654793715

Bosia-Hercegovina	O	O=0.2137836108764243	ORGANIZATION=0.023270347221025035	PERSON=0.5310319770880683	LOCATION=0.2319140648144827

Bosnia	O	O=0.0012981396390121	ORGANIZATION=2.476642692337999E-4	PERSON=0.0014971267163770097	LOCATION=0.9969570693753785

Bosnia-Hercegovina	O	O=0.011589448458334602	ORGANIZATION=0.0055924608943155405	PERSON=0.025859366822059235	LOCATION=0.95695872382529

Bosnian-Croat	O	O=0.8795786536712196	ORGANIZATION=0.02606780228984351	PERSON=0.00644007070019083	LOCATION=0.0879134733387464
Federation	O	O=0.8790162306708184	ORGANIZATION=0.026208038419750952	PERSON=0.005721393273157175	LOCATION=0.0890543376362725

Boston	O	O=0.014752961024794757	ORGANIZATION=0.007398331736006945	PERSON=0.017499860110520325	LOCATION=0.960348847128678

BOSTON	O	O=0.1039685565218119	ORGANIZATION=0.006421359364222688	PERSON=0.0071465950998546145	LOCATION=0.8824634890141105

Botswana	O	O=0.008304724969201947	ORGANIZATION=1.7048215956948855E-4	PERSON=0.005016524869143998	LOCATION=0.9865082680020834

Bou	O	O=0.008463400969310872	ORGANIZATION=9.65023131025313E-5	PERSON=0.9454178734901285	LOCATION=0.046022223227457686
Haroun	O	O=0.006882721899775413	ORGANIZATION=1.0189758211374859E-4	PERSON=0.9381575910402369	LOCATION=0.05485778947787364

Boulder	O	O=0.043646853156133494	ORGANIZATION=0.002008129533092483	PERSON=0.06530749773302026	LOCATION=0.8890375195777529

Brasilia	O	O=0.004662345780719228	ORGANIZATION=0.00185669774649523	PERSON=0.01051791938429727	LOCATION=0.9829630370884875

BRASILIA	O	O=0.04180310264786561	ORGANIZATION=0.02992140221996268	PERSON=0.006087374718248968	LOCATION=0.922188120413922

Bratislava	O	O=0.028583149037137753	ORGANIZATION=0.0031274384522117986	PERSON=0.013085273756504798	LOCATION=0.9552041387541458

BRATISLAVA	O	O=0.06918328767045077	ORGANIZATION=0.04358125598175022	PERSON=0.009427877611702521	LOCATION=0.8778075787360969

Brazil	O	O=0.003453098438034748	ORGANIZATION=2.484733404036343E-4	PERSON=0.001496967457641054	LOCATION=0.994801460763921

BRAZIL	O	O=0.04504895738588102	ORGANIZATION=0.006060400788899652	PERSON=0.005442126468457816	LOCATION=0.9434485153567613

Breda	O	O=0.02914937081624693	ORGANIZATION=0.00541052708233502	PERSON=0.7430564636998855	LOCATION=0.22238363840153233

BREGANCON	O	O=0.12238316521308241	ORGANIZATION=0.05284000556556262	PERSON=0.04967304466508917	LOCATION=0.7751037845562658

Bremen	O	O=0.03263902712820738	ORGANIZATION=0.007209686021524621	PERSON=0.04334277291425903	LOCATION=0.9168085139360088

Brisbane	O	O=0.04626098243629158	ORGANIZATION=0.0029671973424522575	PERSON=0.02190562850381024	LOCATION=0.9288661917174451

Bristol	O	O=0.04567766803886914	ORGANIZATION=0.007549148624746585	PERSON=0.02492873027806928	LOCATION=0.9218444530583143

Britain	O	O=0.060385959221216486	ORGANIZATION=5.686861291448988E-4	PERSON=0.0013642752438135903	LOCATION=0.9376810794058261

BRITAIN	O	O=0.1891379604676222	ORGANIZATION=0.0018315043589677911	PERSON=0.002250725057630649	LOCATION=0.8067798101157789

British	O	O=0.7203534995573639	ORGANIZATION=8.276259448290507E-4	PERSON=6.22449203383787E-5	LOCATION=0.2787566295774692
Columbia	O	O=0.010262059148929121	ORGANIZATION=0.05077198352530522	PERSON=0.005350855567998428	LOCATION=0.9336151017577684

Brussels	O	O=0.029560874395415725	ORGANIZATION=9.589289122523381E-4	PERSON=0.011126595720096418	LOCATION=0.9583536009722349

BRUSSELS	O	O=0.2950703675826849	ORGANIZATION=0.024307505750223106	PERSON=0.008629536881963763	LOCATION=0.6719925897851279

Bucharest	O	O=0.011059782345105932	ORGANIZATION=8.383761204600807E-4	PERSON=0.0034571216146193034	LOCATION=0.9846447199198142

BUCHAREST	O	O=0.15808348026862046	ORGANIZATION=0.025948869965957813	PERSON=0.009002072296209963	LOCATION=0.8069655774692118

Budapest	O	O=0.012910391098979141	ORGANIZATION=0.002304791292617408	PERSON=0.007891793358495833	LOCATION=0.9768930242499079

BUDAPEST	O	O=0.09550356338181497	ORGANIZATION=0.019537027436083005	PERSON=0.007136436536759501	LOCATION=0.8778229726453417

Buenaventura	O	O=0.3161935318719518	ORGANIZATION=0.08775643570693843	PERSON=0.17145112204539872	LOCATION=0.42459891037571096

Buenos	O	O=0.012747493587055913	ORGANIZATION=0.0026542352040886514	PERSON=0.038164051915794105	LOCATION=0.9464342192930604
Aires	O	O=0.010790947291545795	ORGANIZATION=0.0021238424498647274	PERSON=0.03632027763809494	LOCATION=0.9507649326204944

BUENOS	O	O=0.2668307910375589	ORGANIZATION=0.1338871655748281	PERSON=0.1750889962055525	LOCATION=0.4241930471820618
AIRES	O	O=0.2977407037574752	ORGANIZATION=0.11779860840689813	PERSON=0.16917433978900895	LOCATION=0.4152863480466187

Bulgaria	O	O=0.00896915126527979	ORGANIZATION=0.001171462184779992	PERSON=0.0031605840265060965	LOCATION=0.9866988025234351

BULGARIA	O	O=0.008985683970889655	ORGANIZATION=0.005848571879612239	PERSON=0.0012404202909520091	LOCATION=0.9839253238585461

Bunol	O	O=0.07096739034954433	ORGANIZATION=0.005342224348916694	PERSON=0.02803538129879528	LOCATION=0.895655004002744

BUNOL	O	O=0.09456607578570017	ORGANIZATION=0.060911288126580206	PERSON=0.02152192900243867	LOCATION=0.8230007070852808

Burma	O	O=0.0021079228629342513	ORGANIZATION=2.6419811216049985E-4	PERSON=0.002410817888484153	LOCATION=0.9952170611364214

Burundi	O	O=0.0034305969385751787	ORGANIZATION=2.479541454837801E-4	PERSON=0.004098260598615958	LOCATION=0.9922231883173253

CA	O	O=0.9684215593487164	ORGANIZATION=0.002341851242216839	PERSON=0.0017952744420897174	LOCATION=0.027441314966976986

Caesarea	O	O=0.02381214805194383	ORGANIZATION=0.001298833202856192	PERSON=0.02437023625216051	LOCATION=0.9505187824930401

Cairo	O	O=0.022691717686221576	ORGANIZATION=0.0012846343683190157	PERSON=0.010395926195759752	LOCATION=0.9656277217497

CAIRO	O	O=0.06948224247613353	ORGANIZATION=0.04256459780350873	PERSON=0.006864814651859616	LOCATION=0.8810883450684988

Calcutta	O	O=0.009872080777872922	ORGANIZATION=0.0010326062439561258	PERSON=0.007355194812725046	LOCATION=0.9817401181654462

CALCUTTA	O	O=0.08064158410904147	ORGANIZATION=0.05656319327904484	PERSON=0.008125457984790557	LOCATION=0.8546697646271234

Calcutta	O	O=0.08575276284800573	ORGANIZATION=0.001797539662642532	PERSON=0.0025491829221884095	LOCATION=0.9099005145671633
hospital	O	O=0.9592289333805086	ORGANIZATION=0.0024402580976683836	PERSON=2.778126522413772E-4	LOCATION=0.038052995869581184

Calderon	O	O=0.22602799977088264	ORGANIZATION=0.0032236995447765654	PERSON=0.5003910512566367	LOCATION=0.2703572494277045

CALGARY	O	O=0.10852647494912943	ORGANIZATION=0.03176944342064116	PERSON=0.0046660319179553005	LOCATION=0.8550380497122743

Calif	O	O=0.09634475074234142	ORGANIZATION=0.0016209273007858533	PERSON=0.06923937397922067	LOCATION=0.8327949479776521

Calif.	O	O=0.2710663956222882	ORGANIZATION=0.0014269252412803697	PERSON=0.0014740159361923619	LOCATION=0.7260326632002386

California	O	O=0.026348519501628517	ORGANIZATION=0.0024279649239210624	PERSON=0.0014740637759845107	LOCATION=0.9697494517984651

CALIFORNIA	O	O=0.1730404930826059	ORGANIZATION=0.024642849135697118	PERSON=0.0012209884252355843	LOCATION=0.8010956693564619

Cambodia	O	O=0.030504154736553008	ORGANIZATION=0.0010714217921669528	PERSON=0.001605807379345699	LOCATION=0.9668186160919352

Cambridge	O	O=0.03312631613401778	ORGANIZATION=0.0032283872261174512	PERSON=0.007667513084283401	LOCATION=0.955977783555581

Camden	O	O=0.27146101589555277	ORGANIZATION=0.008318460789888349	PERSON=0.11560606255784808	LOCATION=0.6046144607567108

Camelot	O	O=0.5894530148607064	ORGANIZATION=0.004147125098954553	PERSON=0.12764506962343877	LOCATION=0.2787547904169

Cameroon	O	O=0.005813411421074573	ORGANIZATION=3.8147564418352563E-4	PERSON=0.0037316006973804193	LOCATION=0.9900735122373618

Canada	O	O=0.10077977693437572	ORGANIZATION=0.0035121479207899865	PERSON=0.0031258750485388042	LOCATION=0.8925822000962945

Canberra	O	O=0.01369604763502984	ORGANIZATION=0.0025616922462568604	PERSON=0.0035856453157294996	LOCATION=0.980156614802984

CANBERRA	O	O=0.07675791998079118	ORGANIZATION=0.03792941444683582	PERSON=0.003883245978783772	LOCATION=0.8814294195935892

Cap	O	O=0.9917438615233182	ORGANIZATION=3.7347053928952395E-5	PERSON=0.008069748181175361	LOCATION=1.4904324157673186E-4
de	O	O=0.9584052671253445	ORGANIZATION=2.7156463594266275E-4	PERSON=0.040646230686166775	LOCATION=6.769375525440579E-4
Villefranche	O	O=0.7384727440293497	ORGANIZATION=0.012472102663692064	PERSON=0.09206074278876163	LOCATION=0.15699441051819266

Cape	O	O=0.06497333639813732	ORGANIZATION=0.01099819466153931	PERSON=0.0018040218863476785	LOCATION=0.9222244470539749
Town	O	O=0.058689453284025556	ORGANIZATION=0.016872611064140928	PERSON=0.0024278504719768687	LOCATION=0.9220100851798562

CAPE	O	O=0.32183940035774133	ORGANIZATION=0.005166816143760266	PERSON=0.005357644556291156	LOCATION=0.6676361389422075
TOWN	O	O=0.39220233332439314	ORGANIZATION=0.009418727036088205	PERSON=0.009367099404228375	LOCATION=0.5890118402352903

Caracas	O	O=0.062212056505330855	ORGANIZATION=0.013635121243670221	PERSON=0.020449155068961805	LOCATION=0.9037036671820369

CARACAS	O	O=0.1338964236502383	ORGANIZATION=0.03243947682744894	PERSON=0.005391454507215959	LOCATION=0.8282726450150969

Cardiff	O	O=0.11200207680369173	ORGANIZATION=0.05020563005754652	PERSON=0.07611943768713661	LOCATION=0.761672855451626

Caribbean	O	O=0.06991337885515395	ORGANIZATION=0.001651591377870237	PERSON=0.030562448628615683	LOCATION=0.8978725811383603

Caribs	O	O=0.8208657255597918	ORGANIZATION=0.007473265830937938	PERSON=0.03488961533951421	LOCATION=0.13677139326975696

CARLSBAD	O	O=0.39692833448238196	ORGANIZATION=0.033838339346270854	PERSON=0.01713416920800934	LOCATION=0.5520991569633381

Cartagena	O	O=0.01353429332679944	ORGANIZATION=0.007443018203977153	PERSON=0.07343293424634251	LOCATION=0.9055897542228816

CATANIA	O	O=0.07645397218944483	ORGANIZATION=0.04833884134559817	PERSON=0.008100675578921855	LOCATION=0.8671065108860356

Celopek	O	O=0.11271625401790604	ORGANIZATION=0.013614771323072572	PERSON=0.04903914471001721	LOCATION=0.8246298299490036

Central	O	O=0.9674245545458395	ORGANIZATION=0.0023012371264678395	PERSON=6.978313306887507E-5	LOCATION=0.030204425194623595
African	O	O=0.9435007593546334	ORGANIZATION=2.367563329267161E-5	PERSON=9.022221979681351E-5	LOCATION=0.05638534279227635
Republic	O	O=0.9319247010279985	ORGANIZATION=0.003293255155922041	PERSON=0.003693982727996987	LOCATION=0.06108806108808233

Central	O	O=0.8830994132267113	ORGANIZATION=0.004329630476560146	PERSON=0.0019981971547905165	LOCATION=0.11057275914193906
Asia	O	O=0.4790765678025715	ORGANIZATION=0.006865831028453504	PERSON=0.008624705241702028	LOCATION=0.5054328959272745

Central	O	O=0.9207567751046617	ORGANIZATION=0.026175235629753723	PERSON=1.1966539865623331E-4	LOCATION=0.05294832386692743
Clinical	O	O=0.9180635199093758	ORGANIZATION=0.026047418818570953	PERSON=1.6993580358041734E-4	LOCATION=0.05571912546847127
Hospital	O	O=0.8784438848873726	ORGANIZATION=0.030950887746991968	PERSON=0.012319260958574121	LOCATION=0.07828596640705854

Chad	O	O=0.17342048928201112	ORGANIZATION=0.0054145281138136886	PERSON=0.26880064569906914	LOCATION=0.5523643369051059

Chandigarh	O	O=0.01356156543619084	ORGANIZATION=0.0014042228095843994	PERSON=0.005851820867678693	LOCATION=0.9791823908865458

Channel	O	O=0.3776862103725829	ORGANIZATION=0.012764744505038473	PERSON=0.002006902399061442	LOCATION=0.607542142723317
Islands	O	O=0.35856309272211384	ORGANIZATION=0.015249979283046578	PERSON=0.003344443608184394	LOCATION=0.6228424843866556

Charleroi	O	O=0.03353054885283139	ORGANIZATION=0.0025989587328884185	PERSON=0.033530615274548925	LOCATION=0.930339877139731

Charleston	O	O=0.008996037236699811	ORGANIZATION=0.0021179491087200348	PERSON=0.021655906098441702	LOCATION=0.9672301075561396

CHARLESTON	O	O=0.06722616557851918	ORGANIZATION=0.04812830267961337	PERSON=0.022621065190749714	LOCATION=0.8620244665511185

Chavakachcheri	O	O=0.0074169724239059815	ORGANIZATION=0.0010300423740793553	PERSON=0.015354207044221755	LOCATION=0.9761987781577924

Chechnya	O	O=0.011661523416870418	ORGANIZATION=6.606700779818219E-4	PERSON=0.004880248996496022	LOCATION=0.982797557508651

Chenab	O	O=0.07004032006423996	ORGANIZATION=0.004958850575299021	PERSON=0.07389911505872829	LOCATION=0.8511017143017325

Cherbourg	O	O=0.007745541220956132	ORGANIZATION=0.0024796602160378368	PERSON=0.00815279707450624	LOCATION=0.9816220014885002

CHESAPEAKE	O	O=0.5789087898374073	ORGANIZATION=0.14992161166613727	PERSON=0.07673644160207121	LOCATION=0.19443315689438348

Chesterfield	O	O=0.06192200339197762	ORGANIZATION=0.0091286994139484	PERSON=0.0401218897037738	LOCATION=0.8888274074903004

Chester-le-Street	O	O=0.351467996001976	ORGANIZATION=0.17504216472233972	PERSON=0.0648566960466781	LOCATION=0.4086331432290058

Chiapas	O	O=0.08256394667078111	ORGANIZATION=0.006321146372225778	PERSON=0.01523316574756485	LOCATION=0.8958817412094289

Chicago	O	O=0.05586523691187498	ORGANIZATION=0.0030807286670206414	PERSON=0.003979843219532963	LOCATION=0.9370741912015712

CHICAGO	O	O=0.21872648095288721	ORGANIZATION=0.017349244775957093	PERSON=0.0025994765369502172	LOCATION=0.761324797734206

Chihuahua	O	O=0.017347263418886087	ORGANIZATION=0.006087488553200758	PERSON=0.014097002338381551	LOCATION=0.9624682456895314

Chile	O	O=0.01891467587589736	ORGANIZATION=3.20252834283882E-4	PERSON=0.0014312394493522752	LOCATION=0.9793338318404653

CHILE	O	O=0.038046624390297955	ORGANIZATION=0.008465808271071474	PERSON=0.0027767258904972327	LOCATION=0.9507108414481337

CHILLICOTHE	O	O=0.13918186889589473	ORGANIZATION=0.06598372965228531	PERSON=0.0213544148091473	LOCATION=0.7734799866426731

CHILPANCINGO	O	O=0.06343477996733277	ORGANIZATION=0.03601626221071049	PERSON=0.011388457296620523	LOCATION=0.889160500525336

China	O	O=0.01586292248400803	ORGANIZATION=5.742063731858784E-4	PERSON=0.0019408708255764801	LOCATION=0.9816220003172303

Chongqing	O	O=0.18796194200408833	ORGANIZATION=0.005188472239356707	PERSON=0.02174564689925209	LOCATION=0.785103938857302

Chorzow	O	O=0.4216703596933003	ORGANIZATION=0.024977345164596588	PERSON=0.09894186309774838	LOCATION=0.4544104320443544

Christchurch	O	O=0.09738043779360168	ORGANIZATION=0.02875035755228907	PERSON=0.07045974846587703	LOCATION=0.8034094561882331

CIS	O	O=0.34144510122806776	ORGANIZATION=0.5396932661000883	PERSON=0.00822467884469541	LOCATION=0.11063695382714901

Clarksburg	O	O=0.006296427018234919	ORGANIZATION=0.001255556646773747	PERSON=0.05820823434241308	LOCATION=0.9342397819925787

CLEVELAND	O	O=0.07480110977696844	ORGANIZATION=0.028047801097568038	PERSON=0.008322159593339715	LOCATION=0.8888289295321241

CO	O	O=0.9411537150348147	ORGANIZATION=0.012910547348128111	PERSON=0.010471564072984505	LOCATION=0.03546417354407273

Col	O	O=0.8585337515388262	ORGANIZATION=0.01267527423567056	PERSON=0.06591817069080326	LOCATION=0.0628728035347006

Colchester	O	O=0.2093019790301447	ORGANIZATION=0.02926876521782048	PERSON=0.05416124766539429	LOCATION=0.7072680080866401

