1ama	O	O=0.795136718504959	ORGANIZATION=0.18672977218133047	PERSON=0.011665580760921395	LOCATION=0.006263497518026892	PERSON =2.0443103476206715E-4

Aamir	O	O=0.11230639182372296	ORGANIZATION=0.5227668001626322	PERSON=0.3617301069480142	LOCATION=0.0031829917719652604	PERSON =1.3709293664880321E-5
Sohail	O	O=0.09575017730701327	ORGANIZATION=0.5380365413360972	PERSON=0.35948744664437515	LOCATION=0.0053303275717215826	PERSON =0.0013955071407908974

Aaron	O	O=0.28283632882387116	ORGANIZATION=0.4540531059661945	PERSON=0.2555154449376333	LOCATION=0.007581354782729371	PERSON =1.3765489572053785E-5
Slight	O	O=0.304752825061695	ORGANIZATION=0.44981600539291067	PERSON=0.2349434412799029	LOCATION=0.008142917282023168	PERSON =0.0023448109834698287

Abdala	O	O=0.09433802047737579	ORGANIZATION=0.4422841117851706	PERSON=0.45774294021855894	LOCATION=0.005622327481856577	PERSON =1.2600037037261246E-5
Bucaram	O	O=0.0904604358735544	ORGANIZATION=0.44804734812379576	PERSON=0.4530038621940134	LOCATION=0.006853423607290169	PERSON =0.0016349302013453793

Abdellaoui	O	O=0.10434216773929066	ORGANIZATION=0.6749078077924252	PERSON=0.19865785113518192	LOCATION=0.02191966996228398	PERSON =1.7250337081872226E-4

Abdul-Karim	O	O=0.5759341006853307	ORGANIZATION=0.33401829895401447	PERSON=0.08709786469188069	LOCATION=0.0028739522487652566	PERSON =7.578342000846796E-5
al-Kabariti	O	O=0.5608734661936879	ORGANIZATION=0.3645652379012334	PERSON=0.0508559497511631	LOCATION=0.018674075784962406	PERSON =0.005031270368952563

Abdul	O	O=0.02158717679275298	ORGANIZATION=0.23547884293412435	PERSON=0.7404837681154931	LOCATION=0.0024423569802568637	PERSON =7.855177372417103E-6
Rahman	O	O=0.018598812953000497	ORGANIZATION=0.238552405248508	PERSON=0.738348194265533	LOCATION=0.00341744614309381	PERSON =0.001083141389864886

Abdul	O	O=0.011049289731434177	ORGANIZATION=0.09244391216452683	PERSON=0.8957255714018005	LOCATION=7.766098379994146E-4	PERSON =4.616864237247886E-6
Rahman	O	O=0.008802732768142444	ORGANIZATION=0.0909461094604984	PERSON=0.89943703680666	LOCATION=7.460968727577659E-4	PERSON =6.802409194099063E-5
Haj	O	O=0.01720534596359183	ORGANIZATION=0.09446598277291235	PERSON=0.8842991496664333	LOCATION=0.00364150326176079	PERSON =3.8801833529947694E-4
Yihye	O	O=0.018511783984571463	ORGANIZATION=0.10828409096468204	PERSON=0.8618538986802078	LOCATION=0.00810925802808907	PERSON =0.0032409683424481093

Abdul	O	O=0.05850525355964244	ORGANIZATION=0.2193313746875302	PERSON=0.7208716214817191	LOCATION=0.0012838105139271903	PERSON =7.939757181200565E-6
Rashid	O	O=0.058368435768456184	ORGANIZATION=0.2174504122389508	PERSON=0.7236117383276978	LOCATION=4.8349107784204326E-4	PERSON =8.59225870532829E-5
Dostum	O	O=0.057332950200995464	ORGANIZATION=0.21906941407433167	PERSON=0.720736539064994	LOCATION=0.0015573740615848208	PERSON =0.0013037225980952532

Abdulsamad	O	O=0.015088585608030216	ORGANIZATION=0.025979428008122724	PERSON=0.9582446437827018	LOCATION=6.824993154096681E-4	PERSON =4.84328573710826E-6
Hameed	O	O=0.011023734522619946	ORGANIZATION=0.023873114736690796	PERSON=0.9646276587047565	LOCATION=4.3305200540283526E-4	PERSON =4.244003053167021E-5
Ali	O	O=0.024175591509975714	ORGANIZATION=0.028322891405625564	PERSON=0.9411857163809145	LOCATION=0.00376257708309117	PERSON =0.0025532236203946192

Abdul	O	O=0.07121821833917615	ORGANIZATION=0.7790751718086631	PERSON=0.148347792169815	LOCATION=0.0013500514405759435	PERSON =8.766241769752942E-6
Samad	O	O=0.0727813462987622	ORGANIZATION=0.7850589023168336	PERSON=0.140786198490467	LOCATION=0.0012402507535948142	PERSON =1.33302140341169E-4
Ismail	O	O=0.07049435076601754	ORGANIZATION=0.7942325526301136	PERSON=0.12983874319671526	LOCATION=0.003761005622171384	PERSON =0.0016733477849805378

Abel	O	O=0.05210481353648157	ORGANIZATION=0.15378904421369952	PERSON=0.7926209965913696	LOCATION=0.001470781385492682	PERSON =1.4364272956654116E-5
Anton	O	O=0.032841871750443355	ORGANIZATION=0.16864442899958856	PERSON=0.7922911442749948	LOCATION=0.004876371650639187	PERSON =0.0013461833243337232

Abimael	O	O=0.02637194898011105	ORGANIZATION=0.2373566516681951	PERSON=0.730920042330301	LOCATION=0.005341429851373843	PERSON =9.927170018597457E-6
Guzman	O	O=0.021670715835638937	ORGANIZATION=0.24612917290681377	PERSON=0.7221383489710989	LOCATION=0.008510907337721977	PERSON =0.0015508549487254562

Abolhassan	O	O=0.027482901287485047	ORGANIZATION=0.3489772212219862	PERSON=0.6157765107313526	LOCATION=0.007753971881903382	PERSON =9.394877272681023E-6
Banisadr	O	O=0.03087485891511368	ORGANIZATION=0.3516699481411264	PERSON=0.6079542112314109	LOCATION=0.007717179680753496	PERSON =0.0017838020315956696

Abraham	O	O=0.01589722090519461	ORGANIZATION=0.4221948563145561	PERSON=0.5603621720608634	LOCATION=0.001537589295093845	PERSON =8.161424292278166E-6
Lincoln	O	O=0.01234033229061992	ORGANIZATION=0.4295109350402913	PERSON=0.554686262631453	LOCATION=0.002347431929622596	PERSON =0.0011150381080129478

A.	O	O=0.3189328933242977	ORGANIZATION=0.47621343983780096	PERSON=0.19677583567688753	LOCATION=0.008001336835180426	PERSON =7.649432583336915E-5
Brown	O	O=0.03558810156664106	ORGANIZATION=0.6745317887370563	PERSON=0.23655208855597104	LOCATION=0.05095017797164649	PERSON =0.0023778431686853644

Abu	O	O=0.2125298696308881	ORGANIZATION=0.17538914660819527	PERSON=0.593631791459205	LOCATION=0.01840466947099259	PERSON =4.4522830718931495E-5
Mazen	O	O=0.14240395041555254	ORGANIZATION=0.23104220539187775	PERSON=0.5923973012790414	LOCATION=0.03077621494804464	PERSON =0.0033803279654836976

Abu	O	O=0.23367497315109997	ORGANIZATION=0.14457634289211663	PERSON=0.6039416449218165	LOCATION=0.017766151415405548	PERSON =4.08876195625777E-5
Rdainah	O	O=0.17365107333485083	ORGANIZATION=0.18994775485920637	PERSON=0.6032288031224796	LOCATION=0.02964982808792608	PERSON =0.003522540595537353

Abyss	O	O=0.30156095532121774	ORGANIZATION=0.5389471550666957	PERSON=0.1530485697875883	LOCATION=0.006413311740388908	PERSON =3.0008084109363928E-5
DeJesus	O	O=0.4808423567431198	ORGANIZATION=0.4305017574505088	PERSON=0.07997892224289473	LOCATION=0.004146270910996908	PERSON =0.004530692652480078

A.	O	O=0.3512414982734484	ORGANIZATION=0.3242944898065861	PERSON=0.31343933438371296	LOCATION=0.010947687081351756	PERSON =7.699045489990037E-5
Campbell	O	O=0.04901960063576899	ORGANIZATION=0.4694990547083375	PERSON=0.40361829562485246	LOCATION=0.07474050107479788	PERSON =0.00312254795624318

A.	O	O=0.4733942240937966	ORGANIZATION=0.3798598913406546	PERSON=0.1385789162076017	LOCATION=0.008097666528678837	PERSON =6.930182926731429E-5
Cottey	O	O=0.229024999664858	ORGANIZATION=0.5522689962943864	PERSON=0.16032118847235385	LOCATION=0.054895638864248156	PERSON =0.003489176704153414

A.	O	O=0.3692102732122407	ORGANIZATION=0.490390111170136	PERSON=0.1277867029794638	LOCATION=0.012529333821160317	PERSON =8.35788169980578E-5
Cowan	O	O=0.04654842614442976	ORGANIZATION=0.7155316018634954	PERSON=0.14829834732464506	LOCATION=0.08711633386936449	PERSON =0.0025052907980649777

Acre	O	O=0.10255399522944397	ORGANIZATION=0.8521892139311704	PERSON=0.039282142172609065	LOCATION=0.005837081893010039	PERSON =1.3756677376782666E-4

Adam	O	O=0.11982873341027901	ORGANIZATION=0.17407291584468335	PERSON=0.7044575750546224	LOCATION=0.001627306237048258	PERSON =1.346945336734435E-5
Fedoruk	O	O=0.11748363316881376	ORGANIZATION=0.17738340731971378	PERSON=0.6989272588825615	LOCATION=0.0039905792406242915	PERSON =0.002215121388286926

Adam	O	O=0.09662509803286816	ORGANIZATION=0.429708942708131	PERSON=0.4716172683453163	LOCATION=0.0020293386747353005	PERSON =1.9352238949061062E-5
Hollioake	O	O=0.08284447104685551	ORGANIZATION=0.44855726712866295	PERSON=0.4611220166971592	LOCATION=0.0051667281335278925	PERSON =0.0023095169937945195

Adams	O	O=0.05990471472833226	ORGANIZATION=0.88191557472776	PERSON=0.04793446718363815	LOCATION=0.01014900200877259	PERSON =9.624135149701575E-5

Adelbert	O	O=0.07478702004046764	ORGANIZATION=0.27185529545784837	PERSON=0.649681453676312	LOCATION=0.0036659031152840625	PERSON =1.0327710087545241E-5
Knobl	O	O=0.06998459269772417	ORGANIZATION=0.27248269873058467	PERSON=0.6513986543526131	LOCATION=0.004721961840579862	PERSON =0.0014120923784973526

Adel	O	O=0.30706159310695197	ORGANIZATION=0.12798676814754578	PERSON=0.5634295890496726	LOCATION=0.0015067910602050375	PERSON =1.525863562605158E-5
Ibrahim	O	O=0.2945814893090054	ORGANIZATION=0.1360204497413727	PERSON=0.5633063598671926	LOCATION=0.004326861388020571	PERSON =0.0017648396944106254

Adelt	O	O=0.11084409321038352	ORGANIZATION=0.8207303922053286	PERSON=0.04770095770235833	LOCATION=0.020594993083695223	PERSON =1.2956379823439576E-4

Adem	O	O=0.14540588047246217	ORGANIZATION=0.09670885458274306	PERSON=0.7569365552866926	LOCATION=9.366563216218406E-4	PERSON =1.2053336480685027E-5
Hodzic	O	O=0.13099384751887044	ORGANIZATION=0.10057597761291542	PERSON=0.7630765439968693	LOCATION=0.0039423953859317835	PERSON =0.0014112354854132394

A.de	O	O=0.7250208011243756	ORGANIZATION=0.22922857119510606	PERSON=0.03962984899387519	LOCATION=0.0060758431478340055	PERSON =4.4935538808098815E-5
Silva	O	O=0.2304507292585321	ORGANIZATION=0.3250130058907448	PERSON=0.3634701252469678	LOCATION=0.07855697789236442	PERSON =0.002509161711389643

Adnan	O	O=0.02594886654193098	ORGANIZATION=0.3616707009884662	PERSON=0.604808565034523	LOCATION=0.007563324801670754	PERSON =8.542633407824106E-6
Xhelili	O	O=0.02956171715601924	ORGANIZATION=0.3615625255911278	PERSON=0.598589918841889	LOCATION=0.008386116670861239	PERSON =0.0018997217401005798

Adolf	O	O=0.04852886734986848	ORGANIZATION=0.15697003228659606	PERSON=0.7923825140614288	LOCATION=0.002109787987087852	PERSON =8.79831501746143E-6
Hitler	O	O=0.04401478588477356	ORGANIZATION=0.1549277162941065	PERSON=0.7974551383468093	LOCATION=0.0026229266172385864	PERSON =9.794328570718485E-4

Adolfo	O	O=0.06463547930839443	ORGANIZATION=0.7994493077520073	PERSON=0.11586231165614498	LOCATION=0.01991285730418629	PERSON =1.4004397926673908E-4

Adriana	O	O=0.058967750549911	ORGANIZATION=0.3178702672392752	PERSON=0.6109423258424361	LOCATION=0.012192948395906613	PERSON =2.6707972470834593E-5
Serra-Zanetti	O	O=0.32410375984938294	ORGANIZATION=0.20623413536538146	PERSON=0.45226807115421325	LOCATION=0.010062816471355285	PERSON =0.007331217159666393

Adrian	O	O=0.051046959812349135	ORGANIZATION=0.1733954984024328	PERSON=0.7695696029057272	LOCATION=0.0059785891995285875	PERSON =9.349679963224767E-6
Knup	O	O=0.05803569831292077	ORGANIZATION=0.17533984063591507	PERSON=0.7553294099023397	LOCATION=0.008860141186634867	PERSON =0.0024349099621898953

Adrian	O	O=0.03389833351362863	ORGANIZATION=0.5389021801574113	PERSON=0.4171544780705544	LOCATION=0.010034384354911111	PERSON =1.0623903494366898E-5
Nastase	O	O=0.03685350018632258	ORGANIZATION=0.5420592494844758	PERSON=0.40677235925320965	LOCATION=0.01216859729457899	PERSON =0.002146293781412184

Adrian	O	O=0.02424936576296884	ORGANIZATION=0.7414682445877179	PERSON=0.2300866498087134	LOCATION=0.004185121107470441	PERSON =1.0618733129038408E-5
Voinea	O	O=0.024785171013698686	ORGANIZATION=0.7494849542432114	PERSON=0.21970457594414672	LOCATION=0.004575244905331586	PERSON =0.001450053893611153

Adrian	O	O=0.034158674859568	ORGANIZATION=0.5380968322553199	PERSON=0.42381811059136393	LOCATION=0.003916922499494144	PERSON =9.459794254633077E-6
Warner	O	O=0.03787246160182578	ORGANIZATION=0.5418536756557714	PERSON=0.41453424112185544	LOCATION=0.003974562705822845	PERSON =0.0017650589147258197

Affleck	O	O=0.09410278053306664	ORGANIZATION=0.6475233540871431	PERSON=0.2319436858873615	LOCATION=0.026240953209536833	PERSON =1.8922628289176177E-4

A.	O	O=0.4119160047976649	ORGANIZATION=0.3396530541972014	PERSON=0.23522490784667302	LOCATION=0.01312783877201406	PERSON =7.819438644655724E-5
Flower	O	O=0.11992391953905963	ORGANIZATION=0.49148516795452657	PERSON=0.2938713316741451	LOCATION=0.09077181387961118	PERSON =0.003947766952658972

A.	O	O=0.39751826254960376	ORGANIZATION=0.39929669222253494	PERSON=0.1955947669827143	LOCATION=0.007517623161412754	PERSON =7.265508373434686E-5
Fraser	O	O=0.12406026271678965	ORGANIZATION=0.5806089663853765	PERSON=0.24143977531906716	LOCATION=0.05047818038678319	PERSON =0.0034128151919837926

Agassi	O	O=0.08333990826917943	ORGANIZATION=0.7287253568069878	PERSON=0.16691146386805458	LOCATION=0.020866051359664437	PERSON =1.5721969611444408E-4

A.	O	O=0.4053795146477469	ORGANIZATION=0.5030903544535608	PERSON=0.08289909316576888	LOCATION=0.008554161830410578	PERSON =7.687590251196571E-5
Giles	O	O=0.11763405356594626	ORGANIZATION=0.7349278096751577	PERSON=0.08609436741887368	LOCATION=0.0585589225999774	PERSON =0.0027848467400450804

Agnes	O	O=0.06533313527340592	ORGANIZATION=0.794051827567766	PERSON=0.13575767567510114	LOCATION=0.0048494958505143375	PERSON =7.865633213660219E-6
Goinxha	O	O=0.0655193780638042	ORGANIZATION=0.7889506590846007	PERSON=0.1408299849703398	LOCATION=0.004578357132467721	PERSON =1.2162074878943172E-4
Bejaxhiu	O	O=0.059355064984127515	ORGANIZATION=0.784331850906701	PERSON=0.14664737566749883	LOCATION=0.007751927409088983	PERSON =0.0019137810325863074

Agnieszka	O	O=0.13896024790355693	ORGANIZATION=0.6044847069232647	PERSON=0.2503854994761832	LOCATION=0.006153921044348473	PERSON =1.562465264719899E-5
Godras	O	O=0.1437528710060536	ORGANIZATION=0.6144273993326468	PERSON=0.23318678945091242	LOCATION=0.006624262733272227	PERSON =0.0020086774771163277

Agnieszka	O	O=0.02953261048876094	ORGANIZATION=0.16240189639344743	PERSON=0.8015877042422063	LOCATION=0.006469214326541685	PERSON =8.574549042425508E-6
Kotlarska	O	O=0.0273455936076934	ORGANIZATION=0.16251889621520044	PERSON=0.800712562372278	LOCATION=0.008090933062897451	PERSON =0.0013320147419296588

Agota	O	O=0.014853721158994027	ORGANIZATION=0.13112873073680617	PERSON=0.8488438169950963	LOCATION=0.0051654430624281265	PERSON =8.28804667465601E-6
Kuperman	O	O=0.010777907708092144	ORGANIZATION=0.12962621527448823	PERSON=0.8527038626272535	LOCATION=0.006088125317487301	PERSON =8.038890726780477E-4

Agrins	O	O=0.1703813801524232	ORGANIZATION=0.7345794590324346	PERSON=0.09295962699103737	LOCATION=0.002069362034482498	PERSON =1.017178962342915E-5
Zarins	O	O=0.16504950302233576	ORGANIZATION=0.7400992341690735	PERSON=0.09074385529945307	LOCATION=0.002841993085719502	PERSON =0.0012654144234191843

Aguirre	O	O=0.045022689386794566	ORGANIZATION=0.882074505256	PERSON=0.054733945118139095	LOCATION=0.018062086600318127	PERSON =1.0677363874749922E-4

A.	O	O=0.32836447772456545	ORGANIZATION=0.2942312077726183	PERSON=0.3705511205550247	LOCATION=0.006782333140977673	PERSON =7.086080681416487E-5
Harris	O	O=0.043190257200221974	ORGANIZATION=0.42435539097179575	PERSON=0.4853500447073351	LOCATION=0.04444393392691082	PERSON =0.002660373193736647

Ahmad	O	O=0.1371422185102321	ORGANIZATION=0.25857311623846013	PERSON=0.6024196393625246	LOCATION=0.0018524000355106599	PERSON =1.26258532710613E-5
Shah	O	O=0.10996713941160555	ORGANIZATION=0.2609312864047354	PERSON=0.6265130174556025	LOCATION=0.002333880537936327	PERSON =2.5467619012221085E-4
Masood	O	O=0.07908128476259148	ORGANIZATION=0.3128976565379299	PERSON=0.5981308105653811	LOCATION=0.006199036451129864	PERSON =0.003691211682970418

Ahmed	O	O=0.02353384008807644	ORGANIZATION=0.7889263777022247	PERSON=0.1833884367009994	LOCATION=0.004137759077272598	PERSON =1.3586431427883649E-5
Barada	O	O=0.013217116746603124	ORGANIZATION=0.8026851052855032	PERSON=0.1775081371175277	LOCATION=0.005639840900417346	PERSON =9.497999499492168E-4

Ahmed	O	O=0.09991561250532752	ORGANIZATION=0.39499780830742015	PERSON=0.502465659260493	LOCATION=0.002609904801321001	PERSON =1.1015125438235639E-5
Faizy	O	O=0.09999807882975954	ORGANIZATION=0.39743086233783337	PERSON=0.49846478752762224	LOCATION=0.002612203805494845	PERSON =0.0014940674992899442

Ahmed	O	O=0.07342658195020699	ORGANIZATION=0.32408918984486057	PERSON=0.6006194572634508	LOCATION=0.0018542197770790704	PERSON =1.0551164404808304E-5
Hashem	O	O=0.06939341298575681	ORGANIZATION=0.3198477634411341	PERSON=0.6102262505657793	LOCATION=4.6130570786809E-4	PERSON =7.126729946259691E-5
Zighayer	O	O=0.07380804552438597	ORGANIZATION=0.3232434151159484	PERSON=0.5996165709115855	LOCATION=0.0015322017810410272	PERSON =0.00179976666704073

Ahmed	O	O=0.02099116944086732	ORGANIZATION=0.07578239558310593	PERSON=0.900729933878242	LOCATION=0.0024890196122233765	PERSON =7.4814855614052425E-6
Kafawin	O	O=0.017895976144315526	ORGANIZATION=0.07203107420898662	PERSON=0.9065408281519699	LOCATION=0.002852153099038375	PERSON =6.799683956900484E-4

Ahmed	O	O=0.055070564292874435	ORGANIZATION=0.18526628491271396	PERSON=0.7544596105708252	LOCATION=0.005193951752442224	PERSON =9.588471142839937E-6
Korei	O	O=0.05273079038312623	ORGANIZATION=0.18315736435332391	PERSON=0.7558865478085351	LOCATION=0.006814955387093398	PERSON =0.0014103420679200868

Ahmed	O	O=0.10354494381508123	ORGANIZATION=0.538888913491918	PERSON=0.35286298252675996	LOCATION=0.0046902546181677805	PERSON =1.290554807362531E-5
Mestiri	O	O=0.10182618918973345	ORGANIZATION=0.5443988985768238	PERSON=0.34572250862094034	LOCATION=0.005819502325163274	PERSON =0.0022329012873396913

Ahmed	O	O=0.08797650470934774	ORGANIZATION=0.4235324597594437	PERSON=0.4834188149898159	LOCATION=0.005061499949784445	PERSON =1.0720591610244019E-5
Sekou	O	O=0.08487761998179094	ORGANIZATION=0.4206013654831032	PERSON=0.48924611829932974	LOCATION=0.005135552184938201	PERSON =1.3934405083757545E-4
Toure	O	O=0.08252468932747607	ORGANIZATION=0.4270170758915499	PERSON=0.4789997437488944	LOCATION=0.009316984395748866	PERSON =0.0021415066363307408

Ahmed	O	O=0.03927497507695061	ORGANIZATION=0.19127193821815663	PERSON=0.7663756979935772	LOCATION=0.0030685691357896215	PERSON =8.819575525832424E-6
Yassin	O	O=0.036328696656155963	ORGANIZATION=0.18986714832915916	PERSON=0.7690774559494523	LOCATION=0.0036539736645803075	PERSON =0.0010727254006517096

Aime	O	O=0.2891837211484752	ORGANIZATION=0.3276840178099843	PERSON=0.3810757821441623	LOCATION=0.002036089848497654	PERSON =2.0389048880355053E-5
Jacquet	O	O=0.25240285277948127	ORGANIZATION=0.34831588506111216	PERSON=0.3909516939821027	LOCATION=0.006398284823739931	PERSON =0.0019312833535631067

Ainars	O	O=0.1577014828630348	ORGANIZATION=0.5692482936903323	PERSON=0.269885661514346	LOCATION=0.0031534258674862843	PERSON =1.113606480115435E-5
Kiksis	O	O=0.1501914770500779	ORGANIZATION=0.5639701323373116	PERSON=0.27905581252833966	LOCATION=0.0049074297999517355	PERSON =0.0018751482843194888

Aishwarya	O	O=0.055556571003243335	ORGANIZATION=0.7838041781183495	PERSON=0.13738262009461905	LOCATION=0.023113252153497063	PERSON =1.433786302913348E-4

Ai	O	O=0.8046099467205332	ORGANIZATION=0.1595718993688443	PERSON=0.023281094437076752	LOCATION=0.012519214293157863	PERSON =1.784518038629171E-5
Sugiyama	O	O=0.1013231011750893	ORGANIZATION=0.5728195802667212	PERSON=0.2235774836474627	LOCATION=0.10046296394886044	PERSON =0.0018168709618646196

A.	O	O=0.32326549744215427	ORGANIZATION=0.3173020178156175	PERSON=0.3535805760266861	LOCATION=0.005781495543792832	PERSON =7.04131717490827E-5
Jadeja	O	O=0.039003448251147606	ORGANIZATION=0.45869333425685316	PERSON=0.4624317418369864	LOCATION=0.03730345967630385	PERSON =0.0025680159787082775

Ajay	O	O=0.1643491643938179	ORGANIZATION=0.09403011234846217	PERSON=0.7406288844303426	LOCATION=9.766657506859338E-4	PERSON =1.5173076691568195E-5
Jadeja	O	O=0.11535037128707172	ORGANIZATION=0.11405029235722537	PERSON=0.7630768451926808	LOCATION=0.006324653732909201	PERSON =0.0011978374301130298

A.	O	O=0.3091425087745838	ORGANIZATION=0.16382672272858603	PERSON=0.522416257823326	LOCATION=0.0045526191227582115	PERSON =6.189155074497753E-5
Kapoor	O	O=0.0678514224906728	ORGANIZATION=0.23045713357081699	PERSON=0.6716059062906304	LOCATION=0.027445934867976134	PERSON =0.002639602779904883

Akashi	O	O=0.04812730772592057	ORGANIZATION=0.7518085500161396	PERSON=0.18183627362840885	LOCATION=0.018092218094504606	PERSON =1.3565053502642046E-4

Akbel	O	O=0.08066279753098567	ORGANIZATION=0.8031404996269637	PERSON=0.09873869590899667	LOCATION=0.017318382798844328	PERSON =1.3962413420995224E-4

Aki	O	O=0.43508849416937845	ORGANIZATION=0.31441398180447333	PERSON=0.23101999833694517	LOCATION=0.01906991333373468	PERSON =4.076123554691727E-4

Akira	O	O=0.08401424641199297	ORGANIZATION=0.12221281108663368	PERSON=0.7821258632316176	LOCATION=0.011627255468836856	PERSON =1.9823800918897392E-5
Ryo	O	O=0.0966362231935323	ORGANIZATION=0.12414261029561068	PERSON=0.7516448106709217	LOCATION=0.023099532330436868	PERSON =0.004476823509499656

Akpoborie	O	O=0.06560410264923744	ORGANIZATION=0.813571496224984	PERSON=0.10563357595278086	LOCATION=0.015061251244572905	PERSON =1.2957392842503324E-4

Akram	O	O=0.03921153545977062	ORGANIZATION=0.8539408920320617	PERSON=0.09252269389607627	LOCATION=0.014218796826448294	PERSON =1.0608178564283236E-4

A.	O	O=0.4043489191380252	ORGANIZATION=0.3968337502026462	PERSON=0.19015761100931156	LOCATION=0.008585938836461473	PERSON =7.378081355526721E-5
Kumble	O	O=0.127981985625564	ORGANIZATION=0.5768997464802135	PERSON=0.23344965353270508	LOCATION=0.05821660175036514	PERSON =0.0034520126111521167

Alain	O	O=0.07428582742488275	ORGANIZATION=0.16357405758080307	PERSON=0.7329372235396268	LOCATION=0.029187367681388625	PERSON =1.5523773297640325E-5
Caveglia	O	O=0.05947067428457187	ORGANIZATION=0.17073636826085847	PERSON=0.7174299786139935	LOCATION=0.04978900741737748	PERSON =0.0025739714231973036

Alain	O	O=0.03364658382420785	ORGANIZATION=0.12413423300280982	PERSON=0.8406469254361862	LOCATION=0.0015654523734533934	PERSON =6.805363341174E-6
Juppe	O	O=0.029235392552318887	ORGANIZATION=0.13023073483009195	PERSON=0.8376471110467968	LOCATION=0.001905035984195669	PERSON =9.81725586594546E-4

Alami	O	O=0.1838168809534673	ORGANIZATION=0.5954844592886187	PERSON=0.20083902372256301	LOCATION=0.01967182770996683	PERSON =1.878083253836419E-4

Alan	O	O=0.02305713418090383	ORGANIZATION=0.27329143120307864	PERSON=0.7011395405759706	LOCATION=0.002498500682258014	PERSON =1.3393357789833451E-5
Ackerman	O	O=0.016031355409759706	ORGANIZATION=0.28084772701468474	PERSON=0.6965423224115151	LOCATION=0.004956107620717214	PERSON =0.0016224875433249416

Alan	O	O=0.014390295489475341	ORGANIZATION=0.20518711188364464	PERSON=0.7786100941650789	LOCATION=0.0018015274488774637	PERSON =1.0971012922913752E-5
Ball	O	O=0.00931281003706091	ORGANIZATION=0.21028605516372384	PERSON=0.7758729328934663	LOCATION=0.0031769093470600863	PERSON =0.0013512925586882676

Alan	O	O=0.05895368562550925	ORGANIZATION=0.16375135854335313	PERSON=0.7760191301106942	LOCATION=0.0012648615137831635	PERSON =1.0964206661831782E-5
Elsner	O	O=0.0603732031491636	ORGANIZATION=0.16541250684471095	PERSON=0.7701947092157214	LOCATION=0.0021551566528298914	PERSON =0.0018644241375762871

Alan	O	O=0.027752958557098795	ORGANIZATION=0.25099700905805056	PERSON=0.7166989250504179	LOCATION=0.004536663046255072	PERSON =1.4444288178796955E-5
Greenspan	O	O=0.020847432464292513	ORGANIZATION=0.25697148481620524	PERSON=0.7107869511701685	LOCATION=0.009380856165130673	PERSON =0.0020132753842046387

Alan	O	O=0.031100626296191845	ORGANIZATION=0.07655310478688472	PERSON=0.8898419272947699	LOCATION=0.0024950395640860263	PERSON =9.302058067341932E-6
Hunte	O	O=0.029877557890427137	ORGANIZATION=0.07456484386001669	PERSON=0.8890598481275841	LOCATION=0.004947282394081939	PERSON =0.0015504677278893586

Alan	O	O=0.016471056053610166	ORGANIZATION=0.03938294510696273	PERSON=0.9431644689497908	LOCATION=9.744073550539698E-4	PERSON =7.122534583965885E-6
Kelly	O	O=0.01440771189216668	ORGANIZATION=0.036680026286467195	PERSON=0.946344700022268	LOCATION=0.0017130353676341724	PERSON =8.545264314645068E-4

Alan	O	O=0.00843856622411046	ORGANIZATION=0.052922511430010914	PERSON=0.9368741629551134	LOCATION=0.001757055407969755	PERSON =7.703982796341085E-6
Kernaghan	O	O=0.004879777160863138	ORGANIZATION=0.050640465322215986	PERSON=0.9402717334953842	LOCATION=0.003431230613321318	PERSON =7.767934082158817E-4

Alan	O	O=0.017660907301850725	ORGANIZATION=0.12742762036640595	PERSON=0.8536024646216284	LOCATION=0.0012997328869609546	PERSON =9.274823154807713E-6
Lovell	O	O=0.01392628090775902	ORGANIZATION=0.12842309660106882	PERSON=0.8540187885209681	LOCATION=0.0023845242709944893	PERSON =0.001247309699210524

Alan	O	O=0.02644832077691013	ORGANIZATION=0.4559670422254689	PERSON=0.5131871189784822	LOCATION=0.0043680976242910135	PERSON =2.942039484799104E-5
McLoughlin	O	O=0.055474725671472686	ORGANIZATION=0.46325519365950096	PERSON=0.46286481634174176	LOCATION=0.01104385513090307	PERSON =0.007361409196382119

Alan	O	O=0.04192419202388759	ORGANIZATION=0.4159804162113459	PERSON=0.5393548376542322	LOCATION=0.0027233302016311934	PERSON =1.7223908903893068E-5
Moore	O	O=0.03514350924982564	ORGANIZATION=0.42994384549442444	PERSON=0.5263899735174578	LOCATION=0.005435671603037504	PERSON =0.0030870001352558806

Alan	O	O=0.04004782278819198	ORGANIZATION=0.14958690376951658	PERSON=0.8089799738468662	LOCATION=0.0013748793823635883	PERSON =1.0420213062721959E-5
Mullally	O	O=0.03899484805652712	ORGANIZATION=0.1508623070988692	PERSON=0.8055309272599055	LOCATION=0.002452987042181511	PERSON =0.002158930542518309

Alan	O	O=0.033994854797047655	ORGANIZATION=0.08218096774812776	PERSON=0.8828246498939676	LOCATION=9.911054629539264E-4	PERSON =8.422097904119719E-6
Shearer	O	O=0.03386111251749797	ORGANIZATION=0.08070205590783648	PERSON=0.8824939235597639	LOCATION=0.0016622829637895512	PERSON =0.0012806250511123022

Alastair	O	O=0.2746198329011373	ORGANIZATION=0.34643213182879273	PERSON=0.37475661383428055	LOCATION=0.004177092004788868	PERSON =1.4329431000570675E-5
Macdonald	O	O=0.2544883220164164	ORGANIZATION=0.36612276378066816	PERSON=0.3679649100669418	LOCATION=0.00914357935715023	PERSON =0.002280424778822344

Albert	O	O=0.12068596634293677	ORGANIZATION=0.7323820376155173	PERSON=0.12801259605516113	LOCATION=0.018758976117466696	PERSON =1.60423868918426E-4

Albert	O	O=0.5468080078949951	ORGANIZATION=0.2456445639291217	PERSON=0.20477821719910067	LOCATION=0.0027580863758863315	PERSON =1.1124600895607809E-5
Belle	O	O=0.5545898310318856	ORGANIZATION=0.25004363000873975	PERSON=0.19094234137653424	LOCATION=0.003109959433346492	PERSON =0.0013142381494934408

Albert	O	O=0.2211813219689283	ORGANIZATION=0.22531742940136057	PERSON=0.5495979665109756	LOCATION=0.003888270836535624	PERSON =1.5011282198855732E-5
Emon	O	O=0.2034588526052821	ORGANIZATION=0.24327466011745177	PERSON=0.5404373334536758	LOCATION=0.010747652517958676	PERSON =0.002081501305630754

Albert	O	O=0.1665192269434232	ORGANIZATION=0.27831023192488397	PERSON=0.5527531749463916	LOCATION=0.0024063015226762695	PERSON =1.1064662624132269E-5
Ferrer	O	O=0.1609982715673791	ORGANIZATION=0.28530632266187766	PERSON=0.5492013288035903	LOCATION=0.0030655751366721346	PERSON =0.00142850183048016

Alberto	O	O=0.13538230817748706	ORGANIZATION=0.3850625020648546	PERSON=0.4656887117922093	LOCATION=0.01385100338880341	PERSON =1.5474576644899702E-5
Berasategui	O	O=0.1273930327541987	ORGANIZATION=0.39159150826305994	PERSON=0.46155780701520865	LOCATION=0.017544041415987508	PERSON =0.0019136105515449094

Alberto	O	O=0.11658605976112885	ORGANIZATION=0.5397624294384333	PERSON=0.3359180579759637	LOCATION=0.0077205053680241475	PERSON =1.294745645022729E-5
Costa	O	O=0.11739773042103185	ORGANIZATION=0.5419783718333404	PERSON=0.33024744498379566	LOCATION=0.00858264789135998	PERSON =0.001793804870471832

Alberto	O	O=0.06880853874692303	ORGANIZATION=0.1336389915773231	PERSON=0.7912602505771945	LOCATION=0.0062816399755363595	PERSON =1.0579123022015404E-5
Piotti	O	O=0.06361241936599568	ORGANIZATION=0.1326140480114274	PERSON=0.7954892726111479	LOCATION=0.007137852563176118	PERSON =0.0011464074482521792

Albert	O	O=0.0866299948714143	ORGANIZATION=0.30706937019765895	PERSON=0.604263356979164	LOCATION=0.002026325445183423	PERSON =1.095250657901037E-5
Schweitzer	O	O=0.07684402170104974	ORGANIZATION=0.31592681012893575	PERSON=0.6033964621531334	LOCATION=0.0026533285290422566	PERSON =0.0011793774878373848

Alec	O	O=0.13080017512999415	ORGANIZATION=0.09980426605447897	PERSON=0.7675343454494253	LOCATION=0.0018477983315138208	PERSON =1.3415034588845552E-5
Stewart	O	O=0.1139004321632702	ORGANIZATION=0.1102283673286319	PERSON=0.7681848084417647	LOCATION=0.006020646644449442	PERSON =0.0016657454218849082

Aleix	O	O=0.20113904920651274	ORGANIZATION=0.5107201475446055	PERSON=0.27718317832873635	LOCATION=0.010907057984692837	PERSON =5.056693545155835E-5
Vidal-Quadras	O	O=0.34015849786269303	ORGANIZATION=0.5330283596223774	PERSON=0.10925194447020936	LOCATION=0.011648397750500144	PERSON =0.0059128002942187485

Alejandro	O	O=0.03416235776183919	ORGANIZATION=0.36937146969328244	PERSON=0.5933219231521044	LOCATION=0.0031332300269788713	PERSON =1.101936579411809E-5
Lanusse	O	O=0.024898976372609807	ORGANIZATION=0.3798244426390073	PERSON=0.5890166567286075	LOCATION=0.0049839491193859895	PERSON =0.0012759751403878614

Aleksander	O	O=0.05048742072916719	ORGANIZATION=0.07695188313141611	PERSON=0.8708461214278314	LOCATION=0.001707865422503847	PERSON =6.7092890804811635E-6
Kwasniewski	O	O=0.04653461392366048	ORGANIZATION=0.07577499860986689	PERSON=0.8736606481404527	LOCATION=0.003112868865365876	PERSON =9.168704606531943E-4

Aleksander	O	O=0.048325984790989485	ORGANIZATION=0.30482818034361137	PERSON=0.6450301322821801	LOCATION=0.001806208347792936	PERSON =9.494235426414775E-6
Lebed	O	O=0.039618400517144964	ORGANIZATION=0.31218399972793526	PERSON=0.6436183990371634	LOCATION=0.003351864577163008	PERSON =0.0012273361405935872

Aleksandra	O	O=0.05138578245343849	ORGANIZATION=0.06240467282268799	PERSON=0.8841261207056557	LOCATION=0.0020779835606644895	PERSON =5.440457553057715E-6
Olsza	O	O=0.05192852944484014	ORGANIZATION=0.06380574306294953	PERSON=0.8791748496755251	LOCATION=0.00379891925254341	PERSON =0.0012919585641402707

Alessandro	O	O=0.04505035581024235	ORGANIZATION=0.1964983973424458	PERSON=0.7566011982082839	LOCATION=0.001841868413353176	PERSON =8.180225673935939E-6
Baronti	O	O=0.04061900192923532	ORGANIZATION=0.20061596824459096	PERSON=0.7551289067460895	LOCATION=0.002569165062923997	PERSON =0.001066958017158718

Alessandro	O	O=0.03421175871657784	ORGANIZATION=0.43557412819229574	PERSON=0.5284014266381069	LOCATION=0.0018011698899802191	PERSON =1.1516563038378187E-5
Lambruschini	O	O=0.024373206723484555	ORGANIZATION=0.44901114350816035	PERSON=0.5230205730278147	LOCATION=0.0025379008027968217	PERSON =0.0010571759377425805

Alessandro	O	O=0.07714403835072789	ORGANIZATION=0.26628998800320863	PERSON=0.6523222147027644	LOCATION=0.004233257750139149	PERSON =1.0501193158830776E-5
Melli	O	O=0.07239010011673205	ORGANIZATION=0.27229080896134766	PERSON=0.6463585340442911	LOCATION=0.006797637403179423	PERSON =0.0021629194744486563

Alexander	O	O=0.026625412580347962	ORGANIZATION=0.24175668723514956	PERSON=0.7294153267950853	LOCATION=0.002194014443891583	PERSON =8.558945525528685E-6
Babayan	O	O=0.01845088082719612	ORGANIZATION=0.24724449423296288	PERSON=0.7290035713289624	LOCATION=0.004325400968566945	PERSON =9.756526423105638E-4

Alexander	O	O=0.07772538704909435	ORGANIZATION=0.4688328967975718	PERSON=0.45165151634592793	LOCATION=0.0017785663923882455	PERSON =1.163341501850829E-5
Barkhatov	O	O=0.06875871651009133	ORGANIZATION=0.48226285579498884	PERSON=0.44433135191639234	LOCATION=0.0031811293091930544	PERSON =0.0014659464693338579

Alexander	O	O=0.12247005069692023	ORGANIZATION=0.3217521505262916	PERSON=0.5516192422149496	LOCATION=0.004147239273363845	PERSON =1.1317288474406484E-5
Cejka	O	O=0.11726900555406594	ORGANIZATION=0.3288133344226014	PERSON=0.5435647784949709	LOCATION=0.008364075443812943	PERSON =0.001988806084547663

Alexander	O	O=0.09646524282109359	ORGANIZATION=0.2899417732078979	PERSON=0.6118058790474701	LOCATION=0.0017775563531782692	PERSON =9.548570359385568E-6
Downer	O	O=0.09219177288284892	ORGANIZATION=0.29641754284998684	PERSON=0.606764582054352	LOCATION=0.0031015913433385506	PERSON =0.0015245108694718176

Alexander	O	O=0.35229111406991603	ORGANIZATION=0.37287201228329847	PERSON=0.25889539302083153	LOCATION=0.015905499641700446	PERSON =3.5980984252972125E-5
III	O	O=0.6352190885674985	ORGANIZATION=0.3021605779551706	PERSON=0.04533817166165399	LOCATION=0.012172804170183783	PERSON =0.005109357645492909

Alexander	O	O=0.04322499751873469	ORGANIZATION=0.28565333227902373	PERSON=0.6694058146233944	LOCATION=0.001706816012564442	PERSON =9.039566282978825E-6
Lebed	O	O=0.03566685263254678	ORGANIZATION=0.2925971095405289	PERSON=0.6673631137803345	LOCATION=0.0031504619957350086	PERSON =0.0012224620508542695

Alexander	O	O=0.11384409574783069	ORGANIZATION=0.4061330801183601	PERSON=0.45304895608885876	LOCATION=0.02695034583895237	PERSON =2.352220599743462E-5
Paris	O	O=0.07777781144524612	ORGANIZATION=0.41315759984823563	PERSON=0.4372907408180688	LOCATION=0.06877173962940443	PERSON =0.0030021082590433496

Alexander	O	O=0.11864578775804233	ORGANIZATION=0.36535036174618	PERSON=0.5133270942811844	LOCATION=0.0026656411441652902	PERSON =1.1115070427820947E-5
Popov	O	O=0.11358669582702731	ORGANIZATION=0.37426995945606156	PERSON=0.5052709637950383	LOCATION=0.005023793736362616	PERSON =0.0018485871855085192

Alexander	O	O=0.15991551845667717	ORGANIZATION=0.47164209840838917	PERSON=0.36537970532471803	LOCATION=0.003049749944521183	PERSON =1.2927865694827035E-5
Volkov	O	O=0.15512370625646452	ORGANIZATION=0.4840796984508854	PERSON=0.3530517019033223	LOCATION=0.005738791694007064	PERSON =0.002006101695320704

Alexander	O	O=0.09193904143097115	ORGANIZATION=0.2039934122148767	PERSON=0.7026386215637499	LOCATION=0.0014206755361800153	PERSON =8.249254222502206E-6
Zickler	O	O=0.08934907324750374	ORGANIZATION=0.20735705184968095	PERSON=0.699627489703878	LOCATION=0.002312682715060193	PERSON =0.001353702483876691

Alexandra	O	O=0.042925058616671695	ORGANIZATION=0.12806271516835221	PERSON=0.8270400648112649	LOCATION=0.0019655572828819606	PERSON =6.60412082793653E-6
Fusai	O	O=0.041917880882600955	ORGANIZATION=0.13356739018667724	PERSON=0.8194205619322246	LOCATION=0.003615669370931656	PERSON =0.0014784976275639312

Alexandre	O	O=0.058504243083836796	ORGANIZATION=0.7384500166226625	PERSON=0.20053444654038352	LOCATION=0.00249743186589014	PERSON =1.3861887226332048E-5
Barros	O	O=0.04676219536588855	ORGANIZATION=0.7536402022463023	PERSON=0.19559819021574434	LOCATION=0.0029784121770372518	PERSON =0.0010209999950263305

Alexandre	O	O=0.1971872196035614	ORGANIZATION=0.3244746035199307	PERSON=0.4714413173425348	LOCATION=0.00688404305859768	PERSON =1.2816475374463588E-5
Comisetti	O	O=0.196892784461452	ORGANIZATION=0.32530720758668785	PERSON=0.4668643132039087	LOCATION=0.009042268507357426	PERSON =0.0018934262405926683

Alexandre	O	O=0.24768110836096505	ORGANIZATION=0.4962740464947504	PERSON=0.24965293676407277	LOCATION=0.00637757915947314	PERSON =1.4329220738812802E-5
Gontchenkov	O	O=0.24835279055561912	ORGANIZATION=0.5015930648896588	PERSON=0.240011255659725	LOCATION=0.008071344974765597	PERSON =0.0019715439202314627

Alex	O	O=0.08632175453721712	ORGANIZATION=0.21469047091734206	PERSON=0.6977153342255574	LOCATION=0.0012506362823564493	PERSON =2.180403752683398E-5
Arias	O	O=0.053334562006483066	ORGANIZATION=0.26951131055642097	PERSON=0.6687909022622306	LOCATION=0.005603622304241943	PERSON =0.00275960287062323

Alex	O	O=0.05590918743472097	ORGANIZATION=0.02201143755776844	PERSON=0.9215368313470821	LOCATION=5.367842254118819E-4	PERSON =5.759435016722061E-6
Belometti	O	O=0.05376534587372564	ORGANIZATION=0.02649912835182923	PERSON=0.9161136005361473	LOCATION=0.0023414254870336346	PERSON =0.0012804997512641978

Alex	O	O=0.06615245866858112	ORGANIZATION=0.028571238320600087	PERSON=0.9039602368612998	LOCATION=0.001308641396982726	PERSON =7.424752536562678E-6
Boraine	O	O=0.06222827869156495	ORGANIZATION=0.034600734340961746	PERSON=0.895089516089899	LOCATION=0.006220054910093471	PERSON =0.0018614159674807897

Alex	O	O=0.14959843580970042	ORGANIZATION=0.07653954862356052	PERSON=0.7715283205013731	LOCATION=0.0023204017558402304	PERSON =1.3293309525072319E-5
Corretja	O	O=0.14405864427846385	ORGANIZATION=0.09461846614638016	PERSON=0.7469789840469149	LOCATION=0.011111159534123772	PERSON =0.003232745994117081

Alex	O	O=0.2808040311090308	ORGANIZATION=0.07549443344240021	PERSON=0.6423303948440208	LOCATION=0.0013580424785222497	PERSON =1.3098126025527993E-5
Criville	O	O=0.2913822052688923	ORGANIZATION=0.09291434086708802	PERSON=0.6065284824807906	LOCATION=0.005996059235046447	PERSON =0.0031789121481818608

Alexei	O	O=0.09696145295388381	ORGANIZATION=0.26624698357708565	PERSON=0.6334574402129513	LOCATION=0.003322622732691792	PERSON =1.150052338624687E-5
Markov	O	O=0.09294221949025062	ORGANIZATION=0.27923207427989183	PERSON=0.6205301736918393	LOCATION=0.004869018505666569	PERSON =0.002426514032349433

Alex	O	O=0.027228574296237307	ORGANIZATION=0.029506379781938867	PERSON=0.9429113344956713	LOCATION=3.4817688922485343E-4	PERSON =5.534536928267605E-6
Ferguson	O	O=0.022007474930567542	ORGANIZATION=0.03651498596632193	PERSON=0.9390076181029348	LOCATION=0.0014704630860391834	PERSON =9.994579141376532E-4

Alex	O	O=0.05500060417070487	ORGANIZATION=0.021680289098110952	PERSON=0.9229242992756209	LOCATION=3.892737448912426E-4	PERSON =5.533710672641799E-6
Fernandez	O	O=0.053150726045397764	ORGANIZATION=0.026103080741132056	PERSON=0.9178907327000434	LOCATION=0.0015952654809016074	PERSON =0.0012601950325257054

Alexia	O	O=0.1786769023650331	ORGANIZATION=0.44537859694904763	PERSON=0.3199654276172037	LOCATION=0.055929170138996426	PERSON =4.9902929717934025E-5
Dechaume-Balleret	O	O=0.5154555307697082	ORGANIZATION=0.34509235709819275	PERSON=0.1182244913224295	LOCATION=0.01528866105864282	PERSON =0.005938959751024941

Alex	O	O=0.12689123533663055	ORGANIZATION=0.060197888466549034	PERSON=0.8110781822724519	LOCATION=0.0018120018901231379	PERSON =2.06920342455401E-5
O'Brien	O	O=0.291725645570767	ORGANIZATION=0.058108452468912934	PERSON=0.6381840049026446	LOCATION=0.006427908390782691	PERSON =0.005553988666892283

Alex	O	O=0.07001620157033836	ORGANIZATION=0.034742514100106266	PERSON=0.8943563526277604	LOCATION=8.775632428205567E-4	PERSON =7.368458974518827E-6
Radulescu	O	O=0.06643416222521165	ORGANIZATION=0.04243211733488548	PERSON=0.8852838447864655	LOCATION=0.004017000913062993	PERSON =0.0018328747403755026

Alex	O	O=0.027561983534794384	ORGANIZATION=0.016324386817700185	PERSON=0.9557705402965695	LOCATION=3.384931260208471E-4	PERSON =4.5962249153728995E-6
Rodriguez	O	O=0.0246059241589706	ORGANIZATION=0.019613708250454512	PERSON=0.9533615289537533	LOCATION=0.0014299236587504475	PERSON =9.889149780708574E-4

Alfred	O	O=0.034634291930128173	ORGANIZATION=0.08988861384258458	PERSON=0.8733296537108474	LOCATION=0.002141619769128653	PERSON =5.820747311443064E-6
Berkeley	O	O=0.03643834971989178	ORGANIZATION=0.0947242703204783	PERSON=0.8633407638601208	LOCATION=0.003910372593520234	PERSON =0.0015862435059880923

Alfred	O	O=0.09062849565472955	ORGANIZATION=0.06811432841184883	PERSON=0.8392513275546448	LOCATION=0.0019980135233328986	PERSON =7.83485544399506E-6
Sant	O	O=0.10154272935135686	ORGANIZATION=0.07909519667166515	PERSON=0.810844166089446	LOCATION=0.00590983303692353	PERSON =0.0026080748506094494

Al	O	O=0.448314938590403	ORGANIZATION=0.35387577621184796	PERSON=0.1803169873192294	LOCATION=0.01740733340806226	PERSON =8.496447045752176E-5
Gore	O	O=0.2232121353295953	ORGANIZATION=0.5059148189148861	PERSON=0.17757761200116784	LOCATION=0.08972083738185876	PERSON =0.0035745963724932756

Alhadji	O	O=0.041690308251824744	ORGANIZATION=0.03801234020259543	PERSON=0.9184449628583611	LOCATION=0.0018465095256722825	PERSON =5.879161546423328E-6
Kromah	O	O=0.03757955996714565	ORGANIZATION=0.03768756512540799	PERSON=0.9211434226276468	LOCATION=0.0027237421413817816	PERSON =8.657101384169749E-4

