ABDERDEEN	O	O=0.1007390717939065	ORGANIZATION=0.8917096153290346	PERSON=0.004965958404915963	LOCATION=0.0024732710426540044	PERSON =1.1208342948939377E-4

Abidjan	O	O=0.018696245108858842	ORGANIZATION=0.6878102938529083	PERSON=0.269196997079119	LOCATION=0.024179077855352372	PERSON =1.1738610376216605E-4

Abidjan	O	O=0.018696245108858842	ORGANIZATION=0.6878102938529083	PERSON=0.269196997079119	LOCATION=0.024179077855352372	PERSON =1.1738610376216605E-4

Abu	O	O=0.14722149494586112	ORGANIZATION=0.08029879520207515	PERSON=0.7598098493462978	LOCATION=0.012638340928616496	PERSON =3.1519577150146144E-5
Dhabi	O	O=0.10113729880212576	ORGANIZATION=0.1045864349383989	PERSON=0.771511698350506	LOCATION=0.02073892652217358	PERSON =0.0020256413867952823

Abuja	O	O=0.06546409225939823	ORGANIZATION=0.7488185947178654	PERSON=0.16213441448359506	LOCATION=0.023428067241697357	PERSON =1.5483129744384085E-4

Acatepec	O	O=0.10606157948594845	ORGANIZATION=0.820363021660118	PERSON=0.0547768900970979	LOCATION=0.018670711875214473	PERSON =1.2779688162105945E-4

Addis	O	O=0.05235041691216036	ORGANIZATION=0.4342671813069795	PERSON=0.5099812987204916	LOCATION=0.0033901811891322597	PERSON =1.0921871236598095E-5
Ababa	O	O=0.044271960835266785	ORGANIZATION=0.43403994543223196	PERSON=0.5154566967918808	LOCATION=0.004879448957025553	PERSON =0.001351947983595698

Addis	O	O=0.05235041691216036	ORGANIZATION=0.4342671813069795	PERSON=0.5099812987204916	LOCATION=0.0033901811891322597	PERSON =1.0921871236598095E-5
Ababa	O	O=0.044271960835266785	ORGANIZATION=0.43403994543223196	PERSON=0.5154566967918808	LOCATION=0.004879448957025553	PERSON =0.001351947983595698

Adel	O	O=0.1369421062365486	ORGANIZATION=0.7409240658419035	PERSON=0.1152842278799748	LOCATION=0.006654698911061059	PERSON =1.9490113051268303E-4

Adige	O	O=0.07760909386930435	ORGANIZATION=0.7979325806276311	PERSON=0.10461096568511657	LOCATION=0.01970395290827481	PERSON =1.4340690967256907E-4

Afghanistan	O	O=0.022719630912199532	ORGANIZATION=0.8209029481073885	PERSON=0.0549455151053654	LOCATION=0.10130796231791338	PERSON =1.2394355713263002E-4

Châu	O	O=0.020195998083355333	ORGANIZATION=0.1531527969337368	PERSON=0.7704111604533631	LOCATION=0.056226562338576334	PERSON =1.3482190966916518E-5
Phi	O	O=0.005518387098514119	ORGANIZATION=0.18330251024487795	PERSON=0.7490599585738444	LOCATION=0.06053676488792413	PERSON =0.0015823791948374505

Liên	O	O=0.854113420390376	ORGANIZATION=0.1442150113149295	PERSON=0.001596215181468643	LOCATION=7.245825927991991E-5	PERSON =2.8948539479296707E-6
đoàn	O	O=0.8209000722832737	ORGANIZATION=0.17904647619439573	PERSON=1.781300346387742E-6	LOCATION=5.007860317983723E-5	PERSON =1.5916188064210475E-6
bóng	O	O=0.8194826403710157	ORGANIZATION=0.18030631882575207	PERSON=8.083489598059884E-7	LOCATION=2.0893435662380392E-4	PERSON =1.298097657581717E-6
đá	O	O=0.8163775018264261	ORGANIZATION=0.18157781096160253	PERSON=2.9932258040514572E-6	LOCATION=0.0020272899788590453	PERSON =1.4404007317175635E-5
châu	O	O=0.002313239317475071	ORGANIZATION=0.2101363363619711	PERSON=4.0026362883722065E-6	LOCATION=0.7875409284024943	PERSON =5.493281771588383E-6
Phi	O	O=1.1129355721348121E-4	ORGANIZATION=0.2142062682543563	PERSON=1.0777288488972571E-4	LOCATION=0.7854378795513518	PERSON =1.367857521926169E-4

Aguas	O	O=0.06935529715616039	ORGANIZATION=0.7223791205903259	PERSON=0.20615959144427473	LOCATION=0.0020984156036194784	PERSON =7.575205620255321E-6
Zarcas	O	O=0.06748096861767185	ORGANIZATION=0.7235198986200443	PERSON=0.20670105263760538	LOCATION=0.002219197965800126	PERSON =7.88821588784217E-5
de	O	O=0.396263161111816	ORGANIZATION=0.5967551217942957	PERSON=0.0010128994158262003	LOCATION=0.0057574378129028716	PERSON =2.113798651585102E-4
San	O	O=0.023810387031681892	ORGANIZATION=0.6580603245607114	PERSON=0.14506702370171273	LOCATION=0.17299505068382273	PERSON =6.721402206927502E-5
Carlos	O	O=0.01622132433361226	ORGANIZATION=0.6697735650553241	PERSON=0.1346561977476576	LOCATION=0.1767078679999684	PERSON =0.0026410448634374382

AJACCIO	O	O=0.24961009944299592	ORGANIZATION=0.7435248141628163	PERSON=0.004426703001545047	LOCATION=0.002309699640885832	PERSON =1.2868375175668722E-4

Akron	O	O=0.0474861204714477	ORGANIZATION=0.8564166270001344	PERSON=0.07882896200971552	LOCATION=0.0171620747116737	PERSON =1.0621580702854084E-4

AKRON	O	O=0.09491865059235588	ORGANIZATION=0.8976608043663745	PERSON=0.004990812233912498	LOCATION=0.0023208000927288953	PERSON =1.0893271462840403E-4

AL	O	O=0.26428756420553284	ORGANIZATION=0.7303082528827947	PERSON=0.00202685573018323	LOCATION=0.0032796359283080983	PERSON =9.769125318091671E-5

Ala	O	O=0.5079122004471541	ORGANIZATION=0.3186055742535778	PERSON=0.15566617191630358	LOCATION=0.017433896969481215	PERSON =3.821564134835042E-4

Al	O	O=0.6965974803991413	ORGANIZATION=0.1860284475970173	PERSON=0.10690976264745031	LOCATION=0.010385368945717111	PERSON =7.8940410673073E-5
-Aqsa	O	O=0.694929774972458	ORGANIZATION=0.20965712140200432	PERSON=0.06103105489892386	LOCATION=0.02961843601264783	PERSON =0.00476361271396594

Alaska	O	O=0.08896023756879515	ORGANIZATION=0.6957435648457294	PERSON=0.18812762988508502	LOCATION=0.02699227391401365	PERSON =1.7629378637685548E-4

Albania	O	O=0.07301233693399604	ORGANIZATION=0.7873606615657349	PERSON=0.06955796230705485	LOCATION=0.06989884229911497	PERSON =1.7019689409915933E-4

Alberta	O	O=0.09568167799314403	ORGANIZATION=0.7496153452593481	PERSON=0.13190232832818163	LOCATION=0.022640654909514873	PERSON =1.5999350981147611E-4

Aleksandrovac	O	O=0.1318844402526356	ORGANIZATION=0.6726748037112554	PERSON=0.17440905809711224	LOCATION=0.020855409826424354	PERSON =1.762881125728071E-4

Alexandroupolis	O	O=0.10041437133179443	ORGANIZATION=0.7788193913593111	PERSON=0.10866599037661105	LOCATION=0.011964695241722308	PERSON =1.3555169056096394E-4

Alexandroupolis	O	O=0.10041437133179443	ORGANIZATION=0.7788193913593111	PERSON=0.10866599037661105	LOCATION=0.011964695241722308	PERSON =1.3555169056096394E-4

Algeria	O	O=0.10655792324331727	ORGANIZATION=0.7355627756880948	PERSON=0.08217632184643582	LOCATION=0.07550755290695822	PERSON =1.9542631519347598E-4

Algiers	O	O=0.1313704639067302	ORGANIZATION=0.8052778803738266	PERSON=0.05329487757162243	LOCATION=0.00994008693870683	PERSON =1.1669120911317369E-4

Alicante	O	O=0.09588908077722805	ORGANIZATION=0.6818159175524159	PERSON=0.2023094114419179	LOCATION=0.019814172826735026	PERSON =1.714174017022244E-4

Alkhan-Yurt	O	O=0.42688604839537025	ORGANIZATION=0.5526128292461169	PERSON=0.014642497078895733	LOCATION=0.005619502941426472	PERSON =2.3912233819082181E-4

ALKHAN-YURT	O	O=0.600010564342161	ORGANIZATION=0.38691372348179276	PERSON=0.009810903317681247	LOCATION=0.003079398812316529	PERSON =1.8541004604819775E-4

Cầu	O	O=0.9734193601375324	ORGANIZATION=0.010641769230764566	PERSON=0.012410981236883377	LOCATION=0.0035241400734677872	PERSON =3.749321353219515E-6
Allenby	O	O=0.5825678613939147	ORGANIZATION=0.19182541911895978	PERSON=0.17846361495980403	LOCATION=0.04566385722702736	PERSON =0.0014792473002953309

Allentown	O	O=0.08651934889660187	ORGANIZATION=0.7197252013706742	PERSON=0.1741968149837226	LOCATION=0.019409333583325996	PERSON =1.493011656751717E-4

Almere	O	O=0.07843771328046825	ORGANIZATION=0.8337492157404479	PERSON=0.06871805421933144	LOCATION=0.018965518354307674	PERSON =1.29498405444266E-4

Almere	O	O=0.07843771328046825	ORGANIZATION=0.8337492157404479	PERSON=0.06871805421933144	LOCATION=0.018965518354307674	PERSON =1.29498405444266E-4

AL-MUNTAR	O	O=0.5687319300971153	ORGANIZATION=0.4062854367561898	PERSON=0.020025293171408373	LOCATION=0.004710409209821484	PERSON =2.4693076546474456E-4

Alomella	O	O=0.09718130412838234	ORGANIZATION=0.6737206996644842	PERSON=0.22445834832822922	LOCATION=0.004625974107414701	PERSON =1.3673771489886313E-5
Robles	O	O=0.08529801151678365	ORGANIZATION=0.6866751973721544	PERSON=0.21970127197328937	LOCATION=0.006840687811895955	PERSON =0.0014848313258774529

al-Risala	O	O=0.702948005925769	ORGANIZATION=0.2858895058178801	PERSON=0.006750288506974106	LOCATION=0.004237547354055621	PERSON =1.7465239532071073E-4

Alta	O	O=0.14697291874564763	ORGANIZATION=0.6695351183724059	PERSON=0.1748009588760676	LOCATION=0.008469406188610872	PERSON =2.2159781726827261E-4

Altamira	O	O=0.10285431766396876	ORGANIZATION=0.5645624947449538	PERSON=0.3170268040913176	LOCATION=0.015385090726092074	PERSON =1.7129277366729486E-4

Amazon	O	O=0.0014225797202012341	ORGANIZATION=0.996427608706025	PERSON=0.0014937470048545082	LOCATION=6.488626894863664E-4	PERSON =7.20187943358081E-6

Mỹ	O	O=0.02937445936001715	ORGANIZATION=0.8988375744824829	PERSON=0.0049409100635728785	LOCATION=0.06672358836131595	PERSON =1.2346773261167856E-4

Amman	O	O=0.015186316235773023	ORGANIZATION=0.8920539281084126	PERSON=0.07803176459108473	LOCATION=0.014651047465089035	PERSON =7.694359964033868E-5

AMMAN	O	O=0.08814307164142932	ORGANIZATION=0.905178692375289	PERSON=0.004382247764450353	LOCATION=0.002193678209646236	PERSON =1.023100091842785E-4

Amsterdam	O	O=0.024732118120463005	ORGANIZATION=0.9040527492457325	PERSON=0.059102822894930934	LOCATION=0.012029196216451106	PERSON =8.311352242142759E-5

AMSTERDAM	O	O=0.13527650762115914	ORGANIZATION=0.8566918604796104	PERSON=0.005525955902726371	LOCATION=0.0023842942866156972	PERSON =1.2138170988933875E-4

Amsterdam-Rotterdam	O	O=0.1358480255971589	ORGANIZATION=0.8438328721012549	PERSON=0.015578401768325575	LOCATION=0.004552621984189909	PERSON =1.88078549070635E-4

Amsterdam-Rotterdam-Antwerp	O	O=0.305927325000201	ORGANIZATION=0.681965843318271	PERSON=0.0071517050906540775	LOCATION=0.004765245414348243	PERSON =1.8988117652622135E-4

Amstetten	O	O=0.07515529399483968	ORGANIZATION=0.7889093816838212	PERSON=0.12095323888453069	LOCATION=0.014856473180393138	PERSON =1.2561225641545938E-4

ANCHORAGE	O	O=0.22653868896419965	ORGANIZATION=0.7670885419164944	PERSON=0.004183307474698619	LOCATION=0.0020681009806014974	PERSON =1.2136066400629899E-4

Andhra	O	O=0.10064581991110089	ORGANIZATION=0.2191225706384242	PERSON=0.6748961795677263	LOCATION=0.005324061618793415	PERSON =1.1368263954204073E-5
Pradesh	O	O=0.09855674887344264	ORGANIZATION=0.23191211796906516	PERSON=0.6569505632982203	LOCATION=0.009587502015162725	PERSON =0.0029930678441078876

Angola	O	O=0.08354615272706196	ORGANIZATION=0.7136289255487911	PERSON=0.1667510828822	LOCATION=0.035894752982766176	PERSON =1.7908585918069105E-4

ANGOLA	O	O=0.0606798671701417	ORGANIZATION=0.9345629089618358	PERSON=0.003603703007711483	LOCATION=0.0010785513280702364	PERSON =7.496953224112739E-5

An	O	O=0.09399031702629347	ORGANIZATION=0.041008536165801995	PERSON=0.8638058740880975	LOCATION=0.00118866398701883	PERSON =6.608732789073487E-6
Huy	O	O=0.004139878221947212	ORGANIZATION=0.04916553113456635	PERSON=0.943986779319367	LOCATION=0.0024740006161790814	PERSON =2.3381070794153405E-4

Ankara	O	O=0.052109420345331565	ORGANIZATION=0.6514761668775341	PERSON=0.2803493948681443	LOCATION=0.015920814211854966	PERSON =1.4420369713490823E-4

ANKARA	O	O=0.06413414049751953	ORGANIZATION=0.9310205255134623	PERSON=0.0036669836202997174	LOCATION=0.0011016773119851121	PERSON =7.667305673303594E-5

Antara	O	O=0.05179224617019136	ORGANIZATION=0.6314401406515547	PERSON=0.30027978846180836	LOCATION=0.016341563112861834	PERSON =1.4626160358272966E-4

Antioquia	O	O=0.07034556771505086	ORGANIZATION=0.7269635162153525	PERSON=0.11213669822535118	LOCATION=0.09035847880603975	PERSON =1.957390382061053E-4

Antwerp	O	O=0.1297081543280744	ORGANIZATION=0.7254678176726408	PERSON=0.1138535195453032	LOCATION=0.03079030661578867	PERSON =1.8020183819353604E-4

Anza	O	O=0.11970468176172365	ORGANIZATION=0.6500715898893489	PERSON=0.21852855145101996	LOCATION=0.011460053588460176	PERSON =2.3512330944709458E-4

Aqaba	O	O=0.06347515703230955	ORGANIZATION=0.7761230740463524	PERSON=0.13659272976718415	LOCATION=0.023660225461754197	PERSON =1.4881369239930442E-4

Đông	O	O=0.3555327880534624	ORGANIZATION=0.3316449193648635	PERSON=0.01641417156975509	LOCATION=0.29636821445399053	PERSON =3.990655792913876E-5
Ả	O	O=0.14447935163362624	ORGANIZATION=0.4519067950536073	PERSON=0.013927730902522901	LOCATION=0.3895038560688354	PERSON =1.8226634140817963E-4
rập	O	O=0.15566684721251484	ORGANIZATION=0.4523403984844271	PERSON=7.798157868982751E-4	LOCATION=0.3910093502693785	PERSON =2.0358824678053716E-4
Jerusalem	O	O=0.012154635634530408	ORGANIZATION=0.5218350256596223	PERSON=0.08008712379466312	LOCATION=0.3846482560807154	PERSON =0.001274958830468502

Bắc	O	O=0.9805123888294607	ORGANIZATION=0.016548535937215784	PERSON=0.0017342703477933059	LOCATION=0.0012026451552918532	PERSON =2.1597302407801227E-6
Arabised	O	O=0.28647881745478926	ORGANIZATION=0.46386072273104906	PERSON=0.05389680449324877	LOCATION=0.19414469358861597	PERSON =0.001618961732298103

Arbil	O	O=0.024892580777921128	ORGANIZATION=0.9257779481420056	PERSON=0.03697523706443075	LOCATION=0.01227689127961416	PERSON =7.734273602734304E-5

Argentina	O	O=0.024462021200134274	ORGANIZATION=0.8278386430263944	PERSON=0.1190283674947636	LOCATION=0.028548769141799147	PERSON =1.2219913690955823E-4

Arizona	O	O=0.02290059598756209	ORGANIZATION=0.8601839002846505	PERSON=0.10239428500904423	LOCATION=0.014424288014294094	PERSON =9.693070444828648E-5

Ark	O	O=0.41192898549336776	ORGANIZATION=0.39257822659921	PERSON=0.159529027911893	LOCATION=0.035491459892731246	PERSON =4.723001027976509E-4

Arkansas	O	O=0.023123077525950362	ORGANIZATION=0.9182291881674751	PERSON=0.02857008981971438	LOCATION=0.029989550524380543	PERSON =8.80939624804426E-5

Armenia	O	O=0.028155329397052734	ORGANIZATION=0.8757778991616308	PERSON=0.03199714982827782	LOCATION=0.06395871453388062	PERSON =1.1090707915759882E-4

Ashoknagar	O	O=0.0647746599111741	ORGANIZATION=0.6071945483917977	PERSON=0.31553337993913055	LOCATION=0.012346058482535128	PERSON =1.5135327536266817E-4

Ashta	O	O=0.06120303511805365	ORGANIZATION=0.7637851901848159	PERSON=0.1526262324786427	LOCATION=0.02223701504431126	PERSON =1.485271741765044E-4

Châu	O	O=0.06294852329055232	ORGANIZATION=0.14902356530938662	PERSON=0.19427398311098426	LOCATION=0.5936935987367126	PERSON =6.032955236354176E-5
Á	O	O=0.07141428985311941	ORGANIZATION=0.18082205807570106	PERSON=0.10861337406912457	LOCATION=0.6334938195475397	PERSON =0.005656458454514435

ASIA	O	O=0.024835572866736357	ORGANIZATION=0.9739062864471594	PERSON=8.724928651157399E-4	LOCATION=3.5310480504515144E-4	PERSON =3.254301594391248E-5

ASIA	O	O=0.01773077923611619	ORGANIZATION=0.9818293251845535	PERSON=3.3974420229867185E-4	LOCATION=9.373406528118507E-5	PERSON =6.417311750430546E-6
PACIFIC	O	O=0.017499748413246547	ORGANIZATION=0.9780861247088813	PERSON=0.0010875502235812363	LOCATION=0.001626894024049199	PERSON =0.001699682630242005

Asmara	O	O=0.04783215053988517	ORGANIZATION=0.769514667638162	PERSON=0.17152393781130182	LOCATION=0.011008747781153579	PERSON =1.2049622949787809E-4

Athens	O	O=0.041841498351862544	ORGANIZATION=0.9374171527027382	PERSON=0.013318014159859799	LOCATION=0.007363519899698148	PERSON =5.981488584116811E-5

ATHENS	O	O=0.15068080460398214	ORGANIZATION=0.8444332392097667	PERSON=0.0027857938219638663	LOCATION=0.0019999415584602298	PERSON =1.0022080582783642E-4

Atlanta	O	O=0.029306472695905025	ORGANIZATION=0.8678075741034769	PERSON=0.028791228968751404	LOCATION=0.0739813037856051	PERSON =1.1342044626112003E-4

ATLANTA	O	O=0.08221624102640503	ORGANIZATION=0.9122357084124058	PERSON=0.00420772151000719	LOCATION=0.0012535530514253092	PERSON =8.677599975771308E-5

Đại	O	O=0.5219284710796661	ORGANIZATION=0.2991782509856922	PERSON=0.08714089419109708	LOCATION=0.09173039844799104	PERSON =2.1985295555247973E-5
Tây	O	O=0.09128302823799804	ORGANIZATION=0.29711632944073474	PERSON=0.08504646950019523	LOCATION=0.526402368149014	PERSON =1.518046720601387E-4
Dương	O	O=0.035361350589310184	ORGANIZATION=0.3007342538947368	PERSON=0.10919850230666207	LOCATION=0.5537381646879622	PERSON =9.677285213327971E-4

Thành	O	O=0.17845638818396126	ORGANIZATION=0.3710340700164094	PERSON=0.03636163669966956	LOCATION=0.4141166398675278	PERSON =3.1265232433058226E-5
phố	O	O=0.17908716105286926	ORGANIZATION=0.3904273392590395	PERSON=9.29488328681522E-5	LOCATION=0.4302835946816853	PERSON =1.0895617353907606E-4
Atlantic	O	O=0.011339129269647839	ORGANIZATION=0.5089961210978245	PERSON=0.0030872392821374435	LOCATION=0.47631218049826246	PERSON =2.6532985213083065E-4

ATLANTIC	O	O=0.19744792840004644	ORGANIZATION=0.8006485048504737	PERSON=0.0012564276231166085	LOCATION=6.295539942315139E-4	PERSON =1.7585132130225034E-5
CITY	O	O=0.17983032044843045	ORGANIZATION=0.8104191590197026	PERSON=0.0018415879039216834	LOCATION=0.004917264662284219	PERSON =0.0029916679656597557

TÂY	O	O=0.5884531472757938	ORGANIZATION=0.4003012205176341	PERSON=0.010170304756951208	LOCATION=0.0010153971877941653	PERSON =5.99302618265905E-5
NGUYÊN	O	O=0.41613976222596855	ORGANIZATION=0.5653155230675825	PERSON=0.007109129973520098	LOCATION=0.010762974514667093	PERSON =6.726102182580433E-4
ATLANTIC	O	O=0.11710377249973691	ORGANIZATION=0.8650927627744075	PERSON=0.0036412778849812103	LOCATION=0.012582163417156268	PERSON =0.0015800234237146752

Đại	O	O=0.5219284710796661	ORGANIZATION=0.2991782509856922	PERSON=0.08714089419109708	LOCATION=0.09173039844799104	PERSON =2.1985295555247973E-5
Tây	O	O=0.09128302823799804	ORGANIZATION=0.29711632944073474	PERSON=0.08504646950019523	LOCATION=0.526402368149014	PERSON =1.518046720601387E-4
Dương	O	O=0.035361350589310184	ORGANIZATION=0.3007342538947368	PERSON=0.10919850230666207	LOCATION=0.5537381646879622	PERSON =9.677285213327971E-4

Auckland	O	O=0.04344340476149185	ORGANIZATION=0.8770407632860663	PERSON=0.025406690990249847	LOCATION=0.0539941627356099	PERSON =1.1497822658270497E-4

AUCKLAND	O	O=0.3207274586505365	ORGANIZATION=0.6744378294560806	PERSON=0.0031031465677334286	LOCATION=0.0016198460372155445	PERSON =1.1171928843384042E-4

Úc	O	O=0.15510957268527487	ORGANIZATION=0.70938610722539	PERSON=0.014483244083987016	LOCATION=0.12065828809818549	PERSON =3.627879071622225E-4

AUSTRALIA	O	O=0.06896191594576	ORGANIZATION=0.926059350345536	PERSON=0.0037594649381644933	LOCATION=0.0011401240103176013	PERSON =7.914476022205971E-5

Áo	O	O=0.8796299220944749	ORGANIZATION=0.08931021538307277	PERSON=0.009372955524645746	LOCATION=0.021562950583603593	PERSON =1.2395641420360906E-4

Áo	O	O=0.8796299220944749	ORGANIZATION=0.08931021538307277	PERSON=0.009372955524645746	LOCATION=0.021562950583603593	PERSON =1.2395641420360906E-4

Avalon	O	O=0.0911772750222684	ORGANIZATION=0.44236080825422647	PERSON=0.46069665921162556	LOCATION=0.005754564283263721	PERSON =1.0693228616184273E-5
Borough	O	O=0.09008417949861403	ORGANIZATION=0.4407844620639668	PERSON=0.45985652765370516	LOCATION=0.007043564945258366	PERSON =0.00223126583845535

Azad	O	O=0.6366755333767747	ORGANIZATION=0.08872699924451832	PERSON=0.2682785238590914	LOCATION=0.006296076502833653	PERSON =2.2867016780211948E-5
(	O	O=0.999947896884735	ORGANIZATION=1.1977061978201404E-5	PERSON=3.850596229121652E-5	LOCATION=8.048351342015869E-7	PERSON =8.152558571049556E-7
miễn	O	O=0.9999298956219822	ORGANIZATION=4.953041461860351E-5	PERSON=8.440359759341447E-7	LOCATION=1.966509991314557E-5	PERSON =6.482750498016839E-8
phí	O	O=0.9997309076877938	ORGANIZATION=1.6559849721412475E-4	PERSON=2.0593150540925518E-5	LOCATION=8.09766682019101E-5	PERSON =1.92399624523839E-6
)	O	O=0.9989904668018451	ORGANIZATION=4.8605608040811876E-4	PERSON=3.443782898842417E-4	LOCATION=1.745718392746004E-4	PERSON =4.526988580280186E-6
Kashmir	O	O=0.7901257292662563	ORGANIZATION=0.07711464104248433	PERSON=0.11434633129560899	LOCATION=0.017662183232034733	PERSON =7.511151636101635E-4

Azerbaijan	O	O=0.019471641552926244	ORGANIZATION=0.8476983912136399	PERSON=0.10902022485071325	LOCATION=0.02371052607625744	PERSON =9.921630646259485E-5

Badi-Tondon	O	O=0.252086272919808	ORGANIZATION=0.7172870759400604	PERSON=0.018334196762569914	LOCATION=0.012031677176929675	PERSON =2.6077720063299374E-4

Baghdad	O	O=0.11226378414598108	ORGANIZATION=0.7537212586083119	PERSON=0.11210850113563493	LOCATION=0.021746257743217517	PERSON =1.60198366855011E-4

BAGHDAD	O	O=0.5266611836270394	ORGANIZATION=0.46826707432528464	PERSON=0.0031683168158607934	LOCATION=0.00178613369584199	PERSON =1.1729153597379791E-4

Bagram	O	O=0.046144590408798855	ORGANIZATION=0.8129955948296443	PERSON=0.12562580225893732	LOCATION=0.015116531802547883	PERSON =1.1748070007148268E-4

Bahamas	O	O=0.053562009630245044	ORGANIZATION=0.8986072246812403	PERSON=0.037981414696272094	LOCATION=0.009763085876394503	PERSON =8.62651158482761E-5

Bahrain	O	O=0.08731410423494522	ORGANIZATION=0.657101687425241	PERSON=0.22835596407941536	LOCATION=0.027061775854368725	PERSON =1.6646840602914812E-4

Bailundo	O	O=0.21454149604786474	ORGANIZATION=0.5671858206686088	PERSON=0.19757942937074927	LOCATION=0.020497628850020766	PERSON =1.9562506275600514E-4

Baku	O	O=0.1379159519977244	ORGANIZATION=0.710776293962565	PERSON=0.13886770745198002	LOCATION=0.012211666910621082	PERSON =2.2837967710921423E-4

Balkan	O	O=0.021079336950679775	ORGANIZATION=0.7107661515530199	PERSON=0.24272325122495397	LOCATION=0.025313207437359046	PERSON =1.1805283398656456E-4

Balkan	O	O=0.021079336950679775	ORGANIZATION=0.7107661515530199	PERSON=0.24272325122495397	LOCATION=0.025313207437359046	PERSON =1.1805283398656456E-4

Balochistan	O	O=0.024396855600630863	ORGANIZATION=0.7066883767106643	PERSON=0.2082510442529431	LOCATION=0.06051742834113402	PERSON =1.4629509462697412E-4

Baltimore	O	O=0.035517268687847034	ORGANIZATION=0.8612004541957973	PERSON=0.08209890809140957	LOCATION=0.021070472309591137	PERSON =1.1289671535532674E-4

BALTIMORE	O	O=0.44272643987975874	ORGANIZATION=0.5504801112169354	PERSON=0.004370740011428555	LOCATION=0.0022876705817151226	PERSON =1.3503831016240116E-4

Banat	O	O=0.10812736049932428	ORGANIZATION=0.8083252306069305	PERSON=0.058122858650557524	LOCATION=0.02528546513066105	PERSON =1.3908511252582156E-4

Bandundu	O	O=0.06683758463436551	ORGANIZATION=0.7619077761906682	PERSON=0.1295077332657103	LOCATION=0.04157753370590822	PERSON =1.6937220334709978E-4

Bangkok	O	O=0.05558383601792369	ORGANIZATION=0.7450090010179923	PERSON=0.08252326767798589	LOCATION=0.11669717840021633	PERSON =1.867168858818589E-4

BANGKOK	O	O=0.520406082092222	ORGANIZATION=0.4708232842395608	PERSON=0.006259174054266641	LOCATION=0.0023623769147555628	PERSON =1.4908269919461E-4

Bangladesh	O	O=0.08304488289524502	ORGANIZATION=0.8002861020742447	PERSON=0.060337377649315474	LOCATION=0.05613528807278694	PERSON =1.963493084072953E-4

Bangladesh	O	O=0.08304488289524502	ORGANIZATION=0.8002861020742447	PERSON=0.060337377649315474	LOCATION=0.05613528807278694	PERSON =1.963493084072953E-4

Bangui	O	O=0.08884779209843163	ORGANIZATION=0.7670055373464375	PERSON=0.10720093100668736	LOCATION=0.03678211475594369	PERSON =1.6362479249885595E-4

Banja	O	O=0.06074116307010981	ORGANIZATION=0.14579116905158895	PERSON=0.7875414837827571	LOCATION=0.005915070206403714	PERSON =1.1113889141618635E-5
Luka	O	O=0.05144030411218844	ORGANIZATION=0.15124303642256023	PERSON=0.7856234959611629	LOCATION=0.010036281887710986	PERSON =0.0016568816163785843

Barcelona	O	O=0.006579593795529354	ORGANIZATION=0.969506371770865	PERSON=0.021336428219810806	LOCATION=0.002546196300843882	PERSON =3.1409912951515334E-5

BARCELONA	O	O=0.18300644218892206	ORGANIZATION=0.8099000660265337	PERSON=0.0053276042398734185	LOCATION=0.0016505963728125365	PERSON =1.1529117185825684E-4

Barentsburg	O	O=0.018507102691757656	ORGANIZATION=0.93965629760171	PERSON=0.02754028953785416	LOCATION=0.014233664648196972	PERSON =6.264552048100517E-5

Barnagar	O	O=0.048423383835426714	ORGANIZATION=0.6682279696584486	PERSON=0.27348987739537556	LOCATION=0.009730104283607856	PERSON =1.2866482714144666E-4

BARRY	O	O=0.3462626924911106	ORGANIZATION=0.6463525925210729	PERSON=0.005137548413451249	LOCATION=0.0021123344747932407	PERSON =1.3483209957226147E-4

Basque	O	O=0.5833173517088874	ORGANIZATION=0.21486661040874308	PERSON=0.19153975446063973	LOCATION=0.010260673211505988	PERSON =1.5610210222870404E-5
Country	O	O=0.6026632728611252	ORGANIZATION=0.21347119825528857	PERSON=0.17459351507342782	LOCATION=0.007742774602808261	PERSON =0.001529239207348546

Trang	O	O=0.8588612522389345	ORGANIZATION=0.001119274420912805	PERSON=0.13990515020506047	LOCATION=1.1349652163532247E-4	PERSON =8.266134570915268E-7
trại	O	O=0.9978275521667535	ORGANIZATION=0.002108559225874407	PERSON=5.415794122366628E-5	LOCATION=7.76030302589725E-6	PERSON =1.970363123328807E-6
tập	O	O=0.9930399720165005	ORGANIZATION=0.006757209356196552	PERSON=3.620265834342487E-6	LOCATION=1.978202734222001E-4	PERSON =1.3780880451824574E-6
thể	O	O=0.9889370136664848	ORGANIZATION=0.010359022443004332	PERSON=6.66952015655591E-6	LOCATION=6.904412418294373E-4	PERSON =6.853128535213015E-6
BATKIVSHCHYNA	O	O=0.2923300634604101	ORGANIZATION=0.6786642785404948	PERSON=0.01007635212351457	LOCATION=0.018051125469429698	PERSON =8.781804061590328E-4

Bắc	O	O=0.9537431393284482	ORGANIZATION=0.02418173781894956	PERSON=0.01575512832011562	LOCATION=0.006318310514552114	PERSON =1.6840179349775969E-6
Kinh	O	O=0.7954042125703591	ORGANIZATION=0.04813090659796652	PERSON=0.08413372344915908	LOCATION=0.06863873081425656	PERSON =0.003692426568259205

BẮC	O	O=0.7971035284488083	ORGANIZATION=0.1929415318036225	PERSON=0.008288761821296805	LOCATION=0.0016317653628077045	PERSON =3.4412563463666346E-5
KINH	O	O=0.668612547874382	ORGANIZATION=0.258002746840087	PERSON=0.04501956065042676	LOCATION=0.02502030704103866	PERSON =0.0033448375940652525

Beirut	O	O=0.18084123988200254	ORGANIZATION=0.741269377012939	PERSON=0.05422296823742367	LOCATION=0.023516436499113193	PERSON =1.4997836852095967E-4

BEIRUT	O	O=0.408594709245113	ORGANIZATION=0.5848198027362816	PERSON=0.004665438847635772	LOCATION=0.0017919114158400523	PERSON =1.2813775512944057E-4

Beja	O	O=0.13213418058616586	ORGANIZATION=0.718271418890476	PERSON=0.13906935783609914	LOCATION=0.010310162930722773	PERSON =2.148797565362852E-4

Belarus	O	O=0.11932149937091968	ORGANIZATION=0.8486467888851906	PERSON=0.022155935740070694	LOCATION=0.009784751287253082	PERSON =9.102471656587811E-5

Belchatow	O	O=0.20852196304302598	ORGANIZATION=0.7068242990066508	PERSON=0.06273620299442761	LOCATION=0.021756786937846516	PERSON =1.6074801804884755E-4

Belem	O	O=0.13778089647835037	ORGANIZATION=0.7313773460054472	PERSON=0.11643562098531728	LOCATION=0.01425770628758577	PERSON =1.484302433001501E-4

Bỉ	O	O=0.8055587330607858	ORGANIZATION=0.17973795557207312	PERSON=0.0037189808270974684	LOCATION=0.010888934080021484	PERSON =9.539646002130846E-5

Belgrade	O	O=0.22747798929020704	ORGANIZATION=0.7059467605406042	PERSON=0.04754146921980051	LOCATION=0.01888820507352327	PERSON =1.4557587586403768E-4

BELGRADE	O	O=0.4079263182401988	ORGANIZATION=0.5852269515907278	PERSON=0.004427964930787713	LOCATION=0.0022840360166645774	PERSON =1.3472922162133212E-4

Ga	O	O=0.544571643030874	ORGANIZATION=0.014618203854542676	PERSON=0.43418041089910814	LOCATION=0.006592991384220444	PERSON =3.675083125448308E-5
Thánh	O	O=0.011644186042046301	ORGANIZATION=0.021129230387825906	PERSON=0.9437290536112566	LOCATION=0.023415875983839405	PERSON =8.165397503358723E-5
Bell	O	O=0.003307767926517528	ORGANIZATION=0.03177194796780368	PERSON=0.9388752591608132	LOCATION=0.024852024472398274	PERSON =0.0011930004724685914

Benelux	O	O=0.15476925908180164	ORGANIZATION=0.6991995079682344	PERSON=0.12241174098985975	LOCATION=0.023440177174669695	PERSON =1.7931478543468203E-4

Ben	O	O=0.4588143936234571	ORGANIZATION=0.25458396145371925	PERSON=0.2688920071680066	LOCATION=0.01765846921490458	PERSON =5.116853991365532E-5
Gurion	O	O=0.3089109388440638	ORGANIZATION=0.39110305079601093	PERSON=0.24463738359397924	LOCATION=0.05195932860484099	PERSON =0.003389298161105716

Benin	O	O=0.09583574191040153	ORGANIZATION=0.6687703019221581	PERSON=0.20708456339218265	LOCATION=0.028140391543982884	PERSON =1.6900123127560335E-4

Bergen	O	O=0.11016921016712419	ORGANIZATION=0.6637451513177396	PERSON=0.1893448017020294	LOCATION=0.03655819428900774	PERSON =1.826425240991229E-4

Berlin	O	O=0.017332764057530974	ORGANIZATION=0.7473362495262037	PERSON=0.025419409513023045	LOCATION=0.2098034842443735	PERSON =1.0809265886874038E-4

BERLIN	O	O=0.18114001447925668	ORGANIZATION=0.8101220935640058	PERSON=0.005663685029632934	LOCATION=0.002939396469958946	PERSON =1.3481045714508287E-4

Bermuda	O	O=0.04098364017202216	ORGANIZATION=0.8407977658445286	PERSON=0.06408637606434311	LOCATION=0.05399612388343793	PERSON =1.3609403566869197E-4

BERNE	O	O=0.4079263182401988	ORGANIZATION=0.5852269515907278	PERSON=0.004427964930787713	LOCATION=0.0022840360166645774	PERSON =1.3472922162133212E-4

Berovo	O	O=0.08253588567866765	ORGANIZATION=0.7484089927426932	PERSON=0.1258655963448594	LOCATION=0.0430112191586618	PERSON =1.7830607511843438E-4

Bethlehem	O	O=0.1165550701707467	ORGANIZATION=0.7454238869839224	PERSON=0.12273618449207489	LOCATION=0.01513772565127906	PERSON =1.471327019767123E-4

Bilbao	O	O=0.0011537647952069925	ORGANIZATION=0.9977977234634764	PERSON=8.179421613949391E-4	LOCATION=2.2557474768512514E-4	PERSON =4.994832235904098E-6

Billings	O	O=0.036640607426794806	ORGANIZATION=0.9478998352105308	PERSON=0.012857061740761027	LOCATION=0.0025591331149295705	PERSON =4.3362506983483375E-5

Birmingham	O	O=0.020333236069963043	ORGANIZATION=0.9412819409565693	PERSON=0.0341618316546874	LOCATION=0.004171067401738195	PERSON =5.192391704215931E-5

Công	O	O=0.4798233463738869	ORGANIZATION=0.5193162467129706	PERSON=8.199955034684756E-4	LOCATION=3.7213843331329586E-5	PERSON =3.197566344455387E-6
viên	O	O=0.45352620261232995	ORGANIZATION=0.5464031112790382	PERSON=3.387830922315497E-5	LOCATION=2.024068769372407E-5	PERSON =1.6567111715094426E-5
công	O	O=0.12434855104749759	ORGANIZATION=0.8753755907152916	PERSON=6.049932660640361E-6	LOCATION=2.64155225209098E-4	PERSON =5.6530793430816864E-6
cộng	O	O=0.12182136244485682	ORGANIZATION=0.877902927835408	PERSON=2.4065479689971874E-6	LOCATION=2.6421636397722234E-4	PERSON =9.086807794655427E-6
Birmingham	O	O=0.0010150661901419877	ORGANIZATION=0.9950940019894038	PERSON=0.003026622198060637	LOCATION=7.941029214710843E-4	PERSON =7.020670092884242E-5

Công	O	O=0.3943748303831584	ORGANIZATION=0.6048164253163463	PERSON=7.654972143665589E-4	LOCATION=3.957372436168479E-5	PERSON =3.6733617658464014E-6
viên	O	O=0.36335784691700473	ORGANIZATION=0.636568954383312	PERSON=2.877502490955079E-5	LOCATION=2.3017336445418183E-5	PERSON =2.1406338320503517E-5
công	O	O=0.04447945224183593	ORGANIZATION=0.9553807565978194	PERSON=3.9382575258021665E-6	LOCATION=1.2975292757469033E-4	PERSON =6.099975239249629E-6
cộng	O	O=0.04246741955415151	ORGANIZATION=0.9574701696826736	PERSON=9.731923750232735E-7	LOCATION=5.5502743355272565E-5	PERSON =5.934827438514374E-6
Birmingham	O	O=1.5607709461828612E-4	ORGANIZATION=0.9994513625158615	PERSON=3.55976741848022E-4	LOCATION=3.294328633495449E-5	PERSON =3.640361332329744E-6
&	O	O=0.017181388788302627	ORGANIZATION=0.9815894466283445	PERSON=5.825740056472436E-4	LOCATION=3.0663174300371874E-4	PERSON =3.399588346956468E-4
Rec	O	O=0.01141289742654019	ORGANIZATION=0.9812802042075941	PERSON=0.0030096568433836805	LOCATION=0.0026568034385573702	PERSON =0.0016404380839184626

Bistrita	O	O=0.044934500454608554	ORGANIZATION=0.8856070656127893	PERSON=0.057691367043199424	LOCATION=0.011673512532586822	PERSON =9.355435681576242E-5

Bistrita	O	O=0.044934500454608554	ORGANIZATION=0.8856070656127893	PERSON=0.057691367043199424	LOCATION=0.011673512532586822	PERSON =9.355435681576242E-5

Đen	O	O=0.9245823405209603	ORGANIZATION=0.06265204646692349	PERSON=0.011026707877627745	LOCATION=0.0017032764125795264	PERSON =3.562872190957872E-5

Biển	O	O=0.7825153897215207	ORGANIZATION=0.16314921397134924	PERSON=0.0461440952408905	LOCATION=0.00818197910312949	PERSON =9.321963110242384E-6
Đen	O	O=0.5665495243230175	ORGANIZATION=0.34818042951257633	PERSON=0.058754724212969685	LOCATION=0.02571687872653698	PERSON =7.98443224899528E-4

BIỂN	O	O=0.4162027416998126	ORGANIZATION=0.5623462188477818	PERSON=0.01369115172006385	LOCATION=0.007677244135728193	PERSON =8.264359661191664E-5
ĐEN	O	O=0.2561152535992017	ORGANIZATION=0.6741707432890778	PERSON=0.018299526075242524	LOCATION=0.0475771649224486	PERSON =0.003837312114029128

Blantyre	O	O=0.11827963828651358	ORGANIZATION=0.8161433105528599	PERSON=0.04878601746476129	LOCATION=0.01666597507807788	PERSON =1.250586177881428E-4

Boddington	O	O=0.025629832050672763	ORGANIZATION=0.893600807791607	PERSON=0.06564671496008131	LOCATION=0.015039103621157839	PERSON =8.354157648039469E-5

Bogota	O	O=0.08446194477541191	ORGANIZATION=0.7489968424957563	PERSON=0.13742971392698985	LOCATION=0.028947415777970144	PERSON =1.6408302387127823E-4

BOGOTA	O	O=0.175607609665361	ORGANIZATION=0.8173896766679294	PERSON=0.005260789142937203	LOCATION=0.0016282964164162856	PERSON =1.1362810735641181E-4

Bogra	O	O=0.09806726751724384	ORGANIZATION=0.6668214579725488	PERSON=0.21748372106536434	LOCATION=0.01746426654847504	PERSON =1.6328689636765594E-4

Bombay	O	O=0.2703993559440397	ORGANIZATION=0.5818218464566385	PERSON=0.13111847798377219	LOCATION=0.016480440585415358	PERSON =1.7987903013350968E-4

Bombay	O	O=0.2703993559440397	ORGANIZATION=0.5818218464566385	PERSON=0.13111847798377219	LOCATION=0.016480440585415358	PERSON =1.7987903013350968E-4

Bonn	O	O=0.09632828404062774	ORGANIZATION=0.5813263759155164	PERSON=0.3149992511611039	LOCATION=0.007148841483812367	PERSON =1.9724739893985126E-4

BONN	O	O=0.11341639670072724	ORGANIZATION=0.8834793014005577	PERSON=0.001804499382567458	LOCATION=0.0012248979593803245	PERSON =7.490455676705226E-5

Boo-nee-OL	O	O=0.5409226617580094	ORGANIZATION=0.43418990307695765	PERSON=0.019473388445193678	LOCATION=0.005166262028240617	PERSON =2.4778469159851584E-4

Bordeaux	O	O=0.15610524812119017	ORGANIZATION=0.6605760745445155	PERSON=0.13348463432232346	LOCATION=0.04961644719380806	PERSON =2.175958181621646E-4

Sinh	O	O=0.9711270646884379	ORGANIZATION=0.01227200136247185	PERSON=0.013587516525520829	LOCATION=0.00291609832733042	PERSON =9.731909623892668E-5

Bosia	O	O=0.1753971809811723	ORGANIZATION=0.46272440763119865	PERSON=0.2946072106498148	LOCATION=0.06724032057236001	PERSON =3.0880165454365204E-5
-	O	O=0.988006773305655	ORGANIZATION=0.010479749890790042	PERSON=0.001228103583713606	LOCATION=1.8861508831283282E-4	PERSON =9.675813152721743E-5
Hercegovina	O	O=0.03953357914567368	ORGANIZATION=0.22040052910295121	PERSON=0.7192595370445687	LOCATION=0.020128046262216356	PERSON =6.783084445922027E-4

Bosnia	O	O=0.061501497720847044	ORGANIZATION=0.7721788317989272	PERSON=0.06065797845356526	LOCATION=0.10549066261637564	PERSON =1.710294102845893E-4

Bosnia-Hercegovina	O	O=0.30835620204093217	ORGANIZATION=0.6008918638256375	PERSON=0.08118960466530732	LOCATION=0.009180497449664624	PERSON =3.818320184578149E-4

Liên	O	O=0.19718645846877456	ORGANIZATION=0.7987673183620642	PERSON=0.003645792837308923	LOCATION=3.8571013395559915E-4	PERSON =1.4720197895279124E-5
đoàn	O	O=0.08596973355285815	ORGANIZATION=0.9124488235990568	PERSON=4.569431397395816E-5	LOCATION=0.0015034660867707388	PERSON =3.228244733894204E-5
Bosnia-Croat	O	O=0.04309438708953059	ORGANIZATION=0.9457586688287581	PERSON=0.0019352527717829493	LOCATION=0.008413778141489409	PERSON =7.979131684376543E-4

Boston	O	O=0.030877156025626074	ORGANIZATION=0.8311137097224788	PERSON=0.0909498152126839	LOCATION=0.04693510079754606	PERSON =1.2421824166482752E-4

BOSTON	O	O=0.16729079376949685	ORGANIZATION=0.8241796061571414	PERSON=0.005659875333644262	LOCATION=0.0027394250525083594	PERSON =1.302996872092658E-4

Botswana	O	O=0.04651163731429986	ORGANIZATION=0.7814223692740971	PERSON=0.1572148307914847	LOCATION=0.014726608922913541	PERSON =1.2455369720416575E-4

Bou	O	O=0.12625799206612126	ORGANIZATION=0.07940232033284689	PERSON=0.782399699193752	LOCATION=0.011905283719108315	PERSON =3.470468817239073E-5
Haroun	O	O=0.048751914274975564	ORGANIZATION=0.11341132897110619	PERSON=0.8156629109604371	LOCATION=0.020832478168253742	PERSON =0.0013413676252267653

Đá	O	O=0.9114382117225907	ORGANIZATION=0.06329085456253059	PERSON=0.01644511069524696	LOCATION=0.008812939749283648	PERSON =1.2883270348747183E-5
Cuội	O	O=0.5459800292866239	ORGANIZATION=0.2646294767365493	PERSON=0.08925367211711496	LOCATION=0.09778558497507453	PERSON =0.0023512368846380577

Brasilia	O	O=0.050034932800870055	ORGANIZATION=0.7237349330375578	PERSON=0.06763809506958805	LOCATION=0.15841028599098006	PERSON =1.8175310100373136E-4

Brasilia	O	O=0.050034932800870055	ORGANIZATION=0.7237349330375578	PERSON=0.06763809506958805	LOCATION=0.15841028599098006	PERSON =1.8175310100373136E-4

Bratislava	O	O=0.07852371878686201	ORGANIZATION=0.7020226230583186	PERSON=0.1674056529164763	LOCATION=0.05185526193415515	PERSON =1.927433041883083E-4

Bratislava	O	O=0.07852371878686201	ORGANIZATION=0.7020226230583186	PERSON=0.1674056529164763	LOCATION=0.05185526193415515	PERSON =1.927433041883083E-4

Brazil	O	O=0.014147178348340268	ORGANIZATION=0.8838705227271099	PERSON=0.024546719995230424	LOCATION=0.07734294739032134	PERSON =9.26315389987302E-5

BRAZIL	O	O=0.2669503336373967	ORGANIZATION=0.7239006818523295	PERSON=0.0063579318732474655	LOCATION=0.002645954458110342	PERSON =1.4509817891705703E-4

Breda	O	O=0.048966555188481704	ORGANIZATION=0.8095198085823263	PERSON=0.09008248938003335	LOCATION=0.05127963178738364	PERSON =1.515150617746342E-4

BREGANCON	O	O=0.16729079376949685	ORGANIZATION=0.8241796061571414	PERSON=0.005659875333644262	LOCATION=0.0027394250525083594	PERSON =1.302996872092658E-4

Bremen	O	O=0.1606451635387103	ORGANIZATION=0.5988901364635125	PERSON=0.20954075176139295	LOCATION=0.03073198247520364	PERSON =1.9196576117997904E-4

Brisbane	O	O=0.03061376466854981	ORGANIZATION=0.5778341283314047	PERSON=0.08294132014418687	LOCATION=0.30842055594549955	PERSON =1.9023091035918642E-4

Bristol	O	O=0.04865095633918003	ORGANIZATION=0.869476195722326	PERSON=0.060492733400645995	LOCATION=0.021265099176741194	PERSON =1.1501536110647371E-4

Anh	O	O=0.9281182523976079	ORGANIZATION=0.05992910965866564	PERSON=0.001227526333093138	LOCATION=0.010677047744710032	PERSON =4.806386592374559E-5

ANH	O	O=0.500206590578581	ORGANIZATION=0.48085741874956833	PERSON=0.01533260254992663	LOCATION=0.0033887855193449295	PERSON =2.1460260257911252E-4

British	O	O=0.16439231478314484	ORGANIZATION=0.7058245374603864	PERSON=0.08361228063234781	LOCATION=0.04614091567076818	PERSON =2.9951453353310992E-5
Columbia	O	O=0.13416505263117592	ORGANIZATION=0.7247790896417718	PERSON=0.07363070690093004	LOCATION=0.06564367342187585	PERSON =0.0017814774042461603

Brussels	O	O=0.08614263968556984	ORGANIZATION=0.8524207887842982	PERSON=0.04437840293342899	LOCATION=0.016943604433765226	PERSON =1.1456416293764784E-4

BRUSSELS	O	O=0.35288762262236284	ORGANIZATION=0.6409550014410613	PERSON=0.0034834568026954863	LOCATION=0.0025457000250521944	PERSON =1.2821910882906864E-4

Bucharest	O	O=0.2078487073747455	ORGANIZATION=0.7419602695182405	PERSON=0.0302015591823364	LOCATION=0.019860839143655166	PERSON =1.2862478102293289E-4

Bucharest	O	O=0.2078487073747455	ORGANIZATION=0.7419602695182405	PERSON=0.0302015591823364	LOCATION=0.019860839143655166	PERSON =1.2862478102293289E-4

Budapest	O	O=0.20827811393310297	ORGANIZATION=0.7425114255196839	PERSON=0.029207023044885972	LOCATION=0.01987577168920907	PERSON =1.2766581311747925E-4

BUDAPEST	O	O=0.45839813702675813	ORGANIZATION=0.5349857395928308	PERSON=0.004684240465636926	LOCATION=0.0018026020859756714	PERSON =1.2928082879810985E-4

Buenaventura	O	O=0.18377997636570814	ORGANIZATION=0.631181058888755	PERSON=0.16405873230580104	LOCATION=0.020796576146931877	PERSON =1.8365629280373387E-4

Buenos	O	O=0.10909864869677416	ORGANIZATION=0.818629157016464	PERSON=0.0694987040579907	LOCATION=0.002761221418019962	PERSON =1.2268810751879566E-5
